
﻿  Mrv1909 02192003292D          

 21 24  0  0  0  0            999 V2000
    0.4879   -0.2134    0.0000 C   0  0  0  0  0  0  0  0  0  0  0  0
    1.2806   -0.4573    0.0000 N   0  0  0  0  0  0  0  0  0  0  0  0
    0.4879    0.6228    0.0000 C   0  0  0  0  0  0  0  0  0  0  0  0
   -0.2221    1.0323    0.0000 C   0  0  0  0  0  0  0  0  0  0  0  0
   -0.2221   -0.6185    0.0000 N   0  0  0  0  0  0  0  0  0  0  0  0
    1.2806    0.8711    0.0000 N   0  0  0  0  0  0  0  0  0  0  0  0
   -0.9408    0.6228    0.0000 N   0  0  0  0  0  0  0  0  0  0  0  0
    1.7641    0.2178    0.0000 C   0  0  0  0  0  0  0  0  0  0  0  0
   -0.9408   -0.2134    0.0000 C   0  0  0  0  0  0  0  0  0  0  0  0
    1.2719   -2.1866    0.0000 C   0  0  1  0  0  0  0  0  0  0  0  0
   -0.2221    1.8642    0.0000 N   0  0  0  0  0  0  0  0  0  0  0  0
    1.0106   -2.9924    0.0000 C   0  0  0  0  0  0  0  0  0  0  0  0
   -0.9365    2.2737    0.0000 C   0  0  0  0  0  0  0  0  0  0  0  0
    0.1873   -2.9924    0.0000 C   0  0  0  0  0  0  0  0  0  0  0  0
   -1.7641    2.2824    0.0000 C   0  0  0  0  0  0  0  0  0  0  0  0
   -1.3546    2.9924    0.0000 C   0  0  0  0  0  0  0  0  0  0  0  0
    0.6142   -1.7162    0.0000 C   0  0  0  0  0  0  0  0  0  0  0  0
   -1.6595   -0.6185    0.0000 N   0  0  0  0  0  0  0  0  0  0  0  0
   -0.0522   -2.2084    0.0000 C   0  0  2  0  0  0  0  0  0  0  0  0
   -1.4592   -2.0951    0.0000 O   0  0  0  0  0  0  0  0  0  0  0  0
   -0.6882   -1.7162    0.0000 C   0  0  0  0  0  0  0  0  0  0  0  0
  2  1  1  0  0  0  0
  3  1  2  0  0  0  0
  4  3  1  0  0  0  0
  5  1  1  0  0  0  0
  6  3  1  0  0  0  0
  7  9  1  0  0  0  0
  8  2  1  0  0  0  0
  9  5  2  0  0  0  0
 10  2  1  1  0  0  0
 11  4  1  0  0  0  0
 12 10  1  0  0  0  0
 13 11  1  0  0  0  0
 14 12  2  0  0  0  0
 15 13  1  0  0  0  0
 16 13  1  0  0  0  0
 17 10  1  0  0  0  0
 18  9  1  0  0  0  0
 19 17  1  0  0  0  0
 20 21  1  0  0  0  0
 19 21  1  1  0  0  0
  8  6  2  0  0  0  0
  7  4  2  0  0  0  0
 19 14  1  0  0  0  0
 16 15  1  0  0  0  0
M  END
