111841-05-5.mol
  ChemDraw07291019202D

 30 33  0  0  0  0  0  0  0  0999 V2000
    0.7407    1.2579    0.0000 C   0  0  0  0  0  0  0  0  0  0  0  0
   -0.0794    1.2462    0.0000 C   0  0  0  0  0  0  0  0  0  0  0  0
    1.2785    0.6290    0.0000 C   0  0  0  0  0  0  0  0  0  0  0  0
    1.0110    2.0192    0.0000 C   0  0  0  0  0  0  0  0  0  0  0  0
   -0.3380    2.0662    0.0000 C   0  0  0  0  0  0  0  0  0  0  0  0
   -0.6496    0.6731    0.0000 C   0  0  0  0  0  0  0  0  0  0  0  0
    2.0868    0.7847    0.0000 C   0  0  0  0  0  0  0  0  0  0  0  0
    1.0110   -0.1558    0.0000 C   0  0  0  0  0  0  0  0  0  0  0  0
    0.3586    2.5364    0.0000 N   0  0  0  0  0  0  0  0  0  0  0  0
    1.8193    2.1779    0.0000 C   0  0  0  0  0  0  0  0  0  0  0  0
   -1.1433    2.2455    0.0000 C   0  0  0  0  0  0  0  0  0  0  0  0
   -1.4372    0.8523    0.0000 C   0  0  0  0  0  0  0  0  0  0  0  0
    2.3571    1.5489    0.0000 N   0  0  0  0  0  0  0  0  0  0  0  0
    2.6481    0.1351    0.0000 C   0  0  0  0  0  0  0  0  0  0  0  0
    1.5489   -0.7848    0.0000 O   0  0  0  0  0  0  0  0  0  0  0  0
   -1.6841    1.6400    0.0000 C   0  0  0  0  0  0  0  0  0  0  0  0
   -2.0192    0.2234    0.0000 O   0  0  0  0  0  0  0  0  0  0  0  0
    2.3571   -0.6290    0.0000 O   0  0  0  0  0  0  0  0  0  0  0  0
    3.4564    0.2909    0.0000 O   0  0  0  0  0  0  0  0  0  0  0  0
    1.3020   -1.5489    0.0000 C   0  0  0  0  0  0  0  0  0  0  0  0
   -1.7723   -0.5614    0.0000 C   0  0  0  0  0  0  0  0  0  0  0  0
    2.8951   -1.2579    0.0000 C   0  0  0  0  0  0  0  0  0  0  0  0
   -2.3571   -1.1434    0.0000 C   0  0  0  0  0  0  0  0  0  0  0  0
    3.7033   -1.1227    0.0000 C   0  0  0  0  0  0  0  0  0  0  0  0
    2.5805   -2.0427    0.0000 C   0  0  0  0  0  0  0  0  0  0  0  0
   -2.1103   -1.9516    0.0000 C   0  0  0  0  0  0  0  0  0  0  0  0
   -3.1419   -0.9435    0.0000 C   0  0  0  0  0  0  0  0  0  0  0  0
   -2.6922   -2.5364    0.0000 C   0  0  0  0  0  0  0  0  0  0  0  0
   -3.7033   -1.5489    0.0000 C   0  0  0  0  0  0  0  0  0  0  0  0
   -3.4799   -2.3337    0.0000 C   0  0  0  0  0  0  0  0  0  0  0  0
  1  2  1  0      
  1  3  1  0      
  1  4  2  0      
  2  5  2  0      
  2  6  1  0      
  3  7  2  0      
  3  8  1  0      
  4  9  1  0      
  4 10  1  0      
  5 11  1  0      
  5  9  1  0      
  6 12  2  0      
  7 13  1  0      
  7 14  1  0      
  8 15  1  0      
 10 13  2  0      
 11 16  2  0      
 12 17  1  0      
 12 16  1  0      
 14 18  1  0      
 14 19  2  0      
 15 20  1  0      
 17 21  1  0      
 18 22  1  0      
 21 23  1  0      
 22 24  1  0      
 22 25  1  0      
 23 26  1  0      
 23 27  2  0      
 26 28  2  0      
 27 29  1  0      
 28 30  1  0      
 29 30  2  0      
M  END
