
﻿  Mrv1909 12141906202D          

 24 24  0  0  0  0            999 V2000
    1.0716   -1.0312    0.0000 C   0  0  0  0  0  0  0  0  0  0  0  0
    1.0716   -1.8562    0.0000 C   0  0  0  0  0  0  0  0  0  0  0  0
    0.3571   -0.6187    0.0000 C   0  0  0  0  0  0  0  0  0  0  0  0
    1.7860   -0.6187    0.0000 O   0  0  0  0  0  0  0  0  0  0  0  0
    0.3571   -2.2687    0.0000 C   0  0  0  0  0  0  0  0  0  0  0  0
    1.7860   -2.2687    0.0000 C   0  0  0  0  0  0  0  0  0  0  0  0
   -0.3573   -1.0312    0.0000 C   0  0  0  0  0  0  0  0  0  0  0  0
    1.7860    0.2062    0.0000 C   0  0  0  0  0  0  0  0  0  0  0  0
   -0.3573   -1.8562    0.0000 C   0  0  0  0  0  0  0  0  0  0  0  0
    1.7860   -3.0937    0.0000 C   0  0  0  0  0  0  0  0  0  0  0  0
    2.5005   -1.8562    0.0000 O   0  0  0  0  0  0  0  0  0  0  0  0
    2.5005    0.6187    0.0000 C   0  0  0  0  0  0  0  0  0  0  0  0
   -1.0717   -2.2687    0.0000 N   0  0  0  0  0  0  0  0  0  0  0  0
    2.5005    1.4437    0.0000 C   0  0  0  0  0  0  0  0  0  0  0  0
    3.2150    0.2062    0.0000 O   0  0  0  0  0  0  0  0  0  0  0  0
   -1.7862   -1.8562    0.0000 C   0  0  0  0  0  0  0  0  0  0  0  0
    3.2150    1.8562    0.0000 N   0  0  0  0  0  0  0  0  0  0  0  0
   -2.5007   -2.2687    0.0000 C   0  0  0  0  0  0  0  0  0  0  0  0
   -1.7862   -1.0312    0.0000 O   0  0  0  0  0  0  0  0  0  0  0  0
    3.2150    2.6812    0.0000 C   0  0  0  0  0  0  0  0  0  0  0  0
   -3.2151   -1.8562    0.0000 C   0  0  0  0  0  0  0  0  0  0  0  0
    3.9296    3.0937    0.0000 C   0  0  0  0  0  0  0  0  0  0  0  0
    2.5005    3.0937    0.0000 C   0  0  0  0  0  0  0  0  0  0  0  0
   -3.9296   -2.2687    0.0000 C   0  0  0  0  0  0  0  0  0  0  0  0
  1  2  1  0  0  0  0
  1  3  2  0  0  0  0
  1  4  1  0  0  0  0
  2  5  2  0  0  0  0
  2  6  1  0  0  0  0
  3  7  1  0  0  0  0
  4  8  1  0  0  0  0
  5  9  1  0  0  0  0
  6 10  1  0  0  0  0
  6 11  2  0  0  0  0
  8 12  1  0  0  0  0
  9 13  1  0  0  0  0
 12 14  1  0  0  0  0
 12 15  1  0  0  0  0
 13 16  1  0  0  0  0
 14 17  1  0  0  0  0
 16 18  1  0  0  0  0
 16 19  2  0  0  0  0
 17 20  1  0  0  0  0
 18 21  1  0  0  0  0
 20 22  1  0  0  0  0
 20 23  1  0  0  0  0
 21 24  1  0  0  0  0
  7  9  2  0  0  0  0
M  END
