
﻿  Mrv1652306231722402D          

 21 21  0  0  0  0            999 V2000
    0.0953    1.3750    0.0000 C   0  0  0  0  0  0  0  0  0  0  0  0
    0.8097    0.9625    0.0000 O   0  0  0  0  0  0  0  0  0  0  0  0
    0.8097    0.1375    0.0000 C   0  0  0  0  0  0  0  0  0  0  0  0
    1.5242   -0.2750    0.0000 C   0  0  0  0  0  0  0  0  0  0  0  0
    1.5242   -1.1000    0.0000 C   0  0  0  0  0  0  0  0  0  0  0  0
    0.8097   -1.5125    0.0000 C   0  0  0  0  0  0  0  0  0  0  0  0
    0.0953   -1.1000    0.0000 N   0  0  0  0  0  0  0  0  0  0  0  0
    0.0953   -0.2750    0.0000 N   0  3  0  0  0  0  0  0  0  0  0  0
   -0.6192    0.1375    0.0000 C   0  0  0  0  0  0  0  0  0  0  0  0
   -1.3337   -0.2750    0.0000 C   0  0  0  0  0  0  0  0  0  0  0  0
   -2.0482    0.1375    0.0000 C   0  0  0  0  0  0  0  0  0  0  0  0
   -2.0482    0.9625    0.0000 C   0  0  0  0  0  0  0  0  0  0  0  0
   -1.3337    1.3750    0.0000 C   0  0  0  0  0  0  0  0  0  0  0  0
   -0.6192    0.9625    0.0000 C   0  0  0  0  0  0  0  0  0  0  0  0
    2.2387   -1.5125    0.0000 N   0  0  0  0  0  0  0  0  0  0  0  0
    4.5958   -1.0312    0.0000 C   0  0  0  0  0  0  0  0  0  0  0  0
    5.3103   -0.6188    0.0000 O   0  0  0  0  0  0  0  0  0  0  0  0
    5.3103    0.2062    0.0000 S   0  0  0  0  0  0  0  0  0  0  0  0
    5.3103    1.0313    0.0000 O   0  0  0  0  0  0  0  0  0  0  0  0
    6.1353    0.2062    0.0000 O   0  0  0  0  0  0  0  0  0  0  0  0
    4.4853    0.2062    0.0000 O   0  5  0  0  0  0  0  0  0  0  0  0
  1  2  1  0  0  0  0
  2  3  1  0  0  0  0
  3  4  2  0  0  0  0
  4  5  1  0  0  0  0
  5  6  2  0  0  0  0
  6  7  1  0  0  0  0
  7  8  2  0  0  0  0
  3  8  1  0  0  0  0
  8  9  1  0  0  0  0
  9 10  2  0  0  0  0
 10 11  1  0  0  0  0
 11 12  2  0  0  0  0
 12 13  1  0  0  0  0
 13 14  2  0  0  0  0
  9 14  1  0  0  0  0
  5 15  1  0  0  0  0
 16 17  1  0  0  0  0
 17 18  1  0  0  0  0
 18 19  2  0  0  0  0
 18 20  2  0  0  0  0
 18 21  1  0  0  0  0
M  CHG  2   8   1  21  -1
M  END
