
﻿  Mrv1718009291811472D          

 40 42  0  0  0  0            999 V2000
    0.0000   -0.4125    0.0000 C   0  0  1  0  0  0  0  0  0  0  0  0
   -0.7145    0.8250    0.0000 C   0  0  1  0  0  0  0  0  0  0  0  0
   -0.7145   -0.8250    0.0000 C   0  0  1  0  0  0  0  0  0  0  0  0
   -1.4290   -0.4125    0.0000 C   0  0  2  0  0  0  0  0  0  0  0  0
   -1.4290    0.4125    0.0000 C   0  0  2  0  0  0  0  0  0  0  0  0
   -1.4289   -2.0625    0.0000 C   0  0  2  0  0  0  0  0  0  0  0  0
   -1.4289   -2.8875    0.0000 C   0  0  1  0  0  0  0  0  0  0  0  0
   -2.1434   -3.3000    0.0000 C   0  0  2  0  0  0  0  0  0  0  0  0
   -2.8579   -2.8875    0.0000 C   0  0  1  0  0  0  0  0  0  0  0  0
   -2.8579   -2.0625    0.0000 C   0  0  2  0  0  0  0  0  0  0  0  0
   -2.1434   -1.6500    0.0000 O   0  0  0  0  0  0  0  0  0  0  0  0
   -3.5723   -3.3000    0.0000 O   0  0  0  0  0  0  0  0  0  0  0  0
   -3.5723   -1.6500    0.0000 C   0  0  0  0  0  0  0  0  0  0  0  0
   -2.1434   -4.1250    0.0000 N   0  0  0  0  0  0  0  0  0  0  0  0
   -4.2868   -2.0625    0.0000 O   0  0  0  0  0  0  0  0  0  0  0  0
   -0.7144    1.6500    0.0000 N   0  0  0  0  0  0  0  0  0  0  0  0
   -2.1434   -0.8250    0.0000 O   0  0  0  0  0  0  0  0  0  0  0  0
   -0.7144   -1.6500    0.0000 O   0  0  0  0  0  0  0  0  0  0  0  0
   -2.1434    0.8250    0.0000 O   0  0  0  0  0  0  0  0  0  0  0  0
   -2.1434    1.6500    0.0000 C   0  0  1  0  0  0  0  0  0  0  0  0
   -1.4289    2.0625    0.0000 O   0  0  0  0  0  0  0  0  0  0  0  0
   -1.4289    2.8875    0.0000 C   0  0  1  0  0  0  0  0  0  0  0  0
   -2.1434    3.3000    0.0000 C   0  0  2  0  0  0  0  0  0  0  0  0
   -2.8579    2.8875    0.0000 C   0  0  1  0  0  0  0  0  0  0  0  0
   -2.8579    2.0625    0.0000 C   0  0  1  0  0  0  0  0  0  0  0  0
   -0.7144    3.3000    0.0000 C   0  0  0  0  0  0  0  0  0  0  0  0
   -3.5723    1.6500    0.0000 O   0  0  0  0  0  0  0  0  0  0  0  0
   -3.5723    3.3000    0.0000 O   0  0  0  0  0  0  0  0  0  0  0  0
   -2.1434    4.1250    0.0000 O   0  0  0  0  0  0  0  0  0  0  0  0
    0.0000    0.4125    0.0000 C   0  0  0  0  0  0  0  0  0  0  0  0
    0.7144   -0.8250    0.0000 N   0  0  0  0  0  0  0  0  0  0  0  0
    2.8578   -0.4125    0.0000 C   0  0  0  0  0  0  0  0  0  0  0  0
    1.4289   -0.4125    0.0000 C   0  0  0  0  0  0  0  0  0  0  0  0
    1.4289    0.4125    0.0000 O   0  0  0  0  0  0  0  0  0  0  0  0
    3.5723   -0.8250    0.0000 C   0  0  0  0  0  0  0  0  0  0  0  0
    4.2868   -0.4125    0.0000 N   0  0  0  0  0  0  0  0  0  0  0  0
    2.1433   -0.8250    0.0000 C   0  0  1  0  0  0  0  0  0  0  0  0
    2.1433   -1.6500    0.0000 O   0  0  0  0  0  0  0  0  0  0  0  0
    0.0000    2.8875    0.0000 N   0  0  0  0  0  0  0  0  0  0  0  0
   -0.7144   -3.3000    0.0000 O   0  0  0  0  0  0  0  0  0  0  0  0
 30  1  1  0  0  0  0
  1 31  1  1  0  0  0
  2 30  1  0  0  0  0
  2 16  1  1  0  0  0
  1  3  1  0  0  0  0
  3 18  1  6  0  0  0
  3  4  1  0  0  0  0
  4 17  1  1  0  0  0
  4  5  1  0  0  0  0
  5  2  1  0  0  0  0
  5 19  1  6  0  0  0
  6 18  1  6  0  0  0
  6  7  1  0  0  0  0
 11  6  1  0  0  0  0
  7  8  1  0  0  0  0
  7 40  1  6  0  0  0
  8  9  1  0  0  0  0
  8 14  1  1  0  0  0
  9 10  1  0  0  0  0
  9 12  1  6  0  0  0
 10 11  1  0  0  0  0
 10 13  1  1  0  0  0
 13 15  1  0  0  0  0
 20 19  1  6  0  0  0
 20 21  1  0  0  0  0
 25 20  1  0  0  0  0
 21 22  1  0  0  0  0
 22 23  1  0  0  0  0
 22 26  1  1  0  0  0
 23 24  1  0  0  0  0
 23 29  1  6  0  0  0
 24 25  1  0  0  0  0
 24 28  1  1  0  0  0
 25 27  1  6  0  0  0
 26 39  1  0  0  0  0
 31 33  1  0  0  0  0
 37 33  1  0  0  0  0
 37 32  1  0  0  0  0
 32 35  1  0  0  0  0
 33 34  2  0  0  0  0
 35 36  1  0  0  0  0
 37 38  1  6  0  0  0
M  END
