amosulalol
  CDK     0223171738
null
 26 27  0  0  0  0  0  0  0  0999 V2000
    2.8598   -4.4484    0.0000 S   0  0  0  0  0  0  0  0  0  0  0  0
    2.1454   -4.8619    0.0000 N   0  0  0  0  0  0  0  0  0  0  0  0
    3.2713   -5.1628    0.0000 O   0  0  0  0  0  0  0  0  0  0  0  0
    3.6848   -4.4484    0.0000 O   0  0  0  0  0  0  0  0  0  0  0  0
    2.8598   -3.6234    0.0000 C   0  0  0  0  0  0  0  0  0  0  0  0
    2.1433   -3.2119    0.0000 C   0  0  0  0  0  0  0  0  0  0  0  0
    3.5722   -3.2119    0.0000 C   0  0  0  0  0  0  0  0  0  0  0  0
    2.1433   -2.3869    0.0000 C   0  0  0  0  0  0  0  0  0  0  0  0
    4.2867   -3.6234    0.0000 C   0  0  0  0  0  0  0  0  0  0  0  0
    3.5722   -2.3869    0.0000 C   0  0  0  0  0  0  0  0  0  0  0  0
    1.4289   -1.9734    0.0000 C   0  0  0  0  0  0  0  0  0  0  0  0
    2.8598   -1.9734    0.0000 C   0  0  0  0  0  0  0  0  0  0  0  0
    0.7144   -2.3869    0.0000 C   0  0  0  0  0  0  0  0  0  0  0  0
    1.4289   -1.1484    0.0000 O   0  0  0  0  0  0  0  0  0  0  0  0
    0.0000   -1.9734    0.0000 N   0  0  0  0  0  0  0  0  0  0  0  0
   -0.7144   -2.3869    0.0000 C   0  0  0  0  0  0  0  0  0  0  0  0
   -1.4289   -1.9734    0.0000 C   0  0  0  0  0  0  0  0  0  0  0  0
   -2.1433   -2.3869    0.0000 O   0  0  0  0  0  0  0  0  0  0  0  0
   -2.8578   -1.9734    0.0000 C   0  0  0  0  0  0  0  0  0  0  0  0
   -3.5722   -2.3869    0.0000 C   0  0  0  0  0  0  0  0  0  0  0  0
   -2.8578   -1.1484    0.0000 C   0  0  0  0  0  0  0  0  0  0  0  0
   -3.5722   -3.2119    0.0000 O   0  0  0  0  0  0  0  0  0  0  0  0
   -4.2887   -1.9734    0.0000 C   0  0  0  0  0  0  0  0  0  0  0  0
   -3.5722   -0.7370    0.0000 C   0  0  0  0  0  0  0  0  0  0  0  0
   -4.2867   -3.6234    0.0000 C   0  0  0  0  0  0  0  0  0  0  0  0
   -4.2887   -1.1484    0.0000 C   0  0  0  0  0  0  0  0  0  0  0  0
  1  2  1  0  0  0  0 
  1  3  2  0  0  0  0 
  1  4  2  0  0  0  0 
  1  5  1  0  0  0  0 
  5  6  2  0  0  0  0 
  5  7  1  0  0  0  0 
  6  8  1  0  0  0  0 
  7  9  1  0  0  0  0 
  7 10  2  0  0  0  0 
 11  8  1  0  0  0  0 
  8 12  2  0  0  0  0 
 10 12  1  0  0  0  0 
 11 13  1  0  0  0  0 
 11 14  1  0  0  0  0 
 13 15  1  0  0  0  0 
 15 16  1  0  0  0  0 
 16 17  1  0  0  0  0 
 17 18  1  0  0  0  0 
 18 19  1  0  0  0  0 
 19 20  2  0  0  0  0 
 19 21  1  0  0  0  0 
 20 22  1  0  0  0  0 
 20 23  1  0  0  0  0 
 21 24  2  0  0  0  0 
 22 25  1  0  0  0  0 
 23 26  2  0  0  0  0 
 24 26  1  0  0  0  0 
M  END
