
  Mrv0541 10141315122D          

 31 33  0  0  0  0            999 V2000
    5.0668   -1.0038    0.0000 C   0  0  0  0  0  0  0  0  0  0  0  0
    5.7867   -1.4069    0.0000 N   0  0  0  0  0  0  0  0  0  0  0  0
    6.5065   -1.0038    0.0000 C   0  0  0  0  0  0  0  0  0  0  0  0
    6.5065   -0.1688    0.0000 C   0  0  0  0  0  0  0  0  0  0  0  0
    5.7867    0.2343    0.0000 C   0  0  0  0  0  0  0  0  0  0  0  0
    5.0668   -0.1688    0.0000 C   0  0  0  0  0  0  0  0  0  0  0  0
    1.4678   -2.2418    0.0000 C   0  0  0  0  0  0  0  0  0  0  0  0
    1.4678   -1.4069    0.0000 C   0  0  0  0  0  0  0  0  0  0  0  0
    2.1588   -1.0038    0.0000 C   0  0  0  0  0  0  0  0  0  0  0  0
    2.8786   -1.4069    0.0000 C   0  0  0  0  0  0  0  0  0  0  0  0
    2.8786   -2.2418    0.0000 N   0  0  0  0  0  0  0  0  0  0  0  0
    2.1588   -2.6449    0.0000 S   0  0  0  0  0  0  0  0  0  0  0  0
    0.0281   -2.2418    0.0000 C   0  0  0  0  0  0  0  0  0  0  0  0
    0.0281   -1.4069    0.0000 C   0  0  0  0  0  0  0  0  0  0  0  0
    0.7479   -1.0038    0.0000 C   0  0  0  0  0  0  0  0  0  0  0  0
    0.7479   -2.6449    0.0000 C   0  0  0  0  0  0  0  0  0  0  0  0
    1.7557   -3.3936    0.0000 O   0  0  0  0  0  0  0  0  0  0  0  0
    2.5907   -3.3936    0.0000 O   0  0  0  0  0  0  0  0  0  0  0  0
    3.6272   -2.6449    0.0000 C   0  0  0  0  0  0  0  0  0  0  0  0
    3.6272   -1.0038    0.0000 C   0  0  0  0  0  0  0  0  0  0  0  0
    4.3470   -1.4069    0.0000 N   0  0  0  0  0  0  0  0  0  0  0  0
    3.6272   -0.1688    0.0000 O   0  0  0  0  0  0  0  0  0  0  0  0
    2.1588   -0.1688    0.0000 O   0  0  0  0  0  0  0  0  0  0  0  0
    1.4678    0.2343    0.0000 C   0  0  0  0  0  0  0  0  0  0  0  0
    0.7479   -0.1688    0.0000 O   0  0  0  0  0  0  0  0  0  0  0  0
    0.0281    0.2343    0.0000 C   0  0  0  0  0  0  0  0  0  0  0  0
   -0.6917   -0.1688    0.0000 O   0  0  0  0  0  0  0  0  0  0  0  0
   -1.4403    0.2343    0.0000 C   0  0  0  0  0  0  0  0  0  0  0  0
   -2.1313   -0.1688    0.0000 C   0  0  0  0  0  0  0  0  0  0  0  0
    0.0281    1.0693    0.0000 O   0  0  0  0  0  0  0  0  0  0  0  0
    1.4678    1.0693    0.0000 C   0  0  0  0  0  0  0  0  0  0  0  0
 21  1  1  0  0  0  0
  6  1  1  0  0  0  0
  2  1  2  0  0  0  0
  3  2  1  0  0  0  0
  4  3  2  0  0  0  0
  5  4  1  0  0  0  0
  6  5  2  0  0  0  0
 16  7  2  0  0  0  0
 12  7  1  0  0  0  0
  8  7  1  0  0  0  0
  9  8  1  0  0  0  0
 15  8  2  0  0  0  0
 10  9  2  0  0  0  0
 23  9  1  0  0  0  0
 20 10  1  0  0  0  0
 11 10  1  0  0  0  0
 19 11  1  0  0  0  0
 12 11  1  0  0  0  0
 17 12  2  0  0  0  0
 18 12  2  0  0  0  0
 16 13  1  0  0  0  0
 14 13  2  0  0  0  0
 15 14  1  0  0  0  0
 21 20  1  0  0  0  0
 22 20  2  0  0  0  0
 24 23  1  0  0  0  0
 25 24  1  0  0  0  0
 31 24  1  0  0  0  0
 26 25  1  0  0  0  0
 27 26  1  0  0  0  0
 30 26  2  0  0  0  0
 28 27  1  0  0  0  0
 29 28  1  0  0  0  0
M  END
