
  Mrv1902 01281923362D          

 22 23  0  0  0  0            999 V2000
   -0.7145   -0.3846    0.0000 C   0  0  0  0  0  0  0  0  0  0  0  0
   -0.7145   -1.2097    0.0000 C   0  0  0  0  0  0  0  0  0  0  0  0
    0.0000   -1.6222    0.0000 C   0  0  0  0  0  0  0  0  0  0  0  0
    0.7145   -0.3846    0.0000 C   0  0  0  0  0  0  0  0  0  0  0  0
    0.0000    0.0278    0.0000 C   0  0  0  0  0  0  0  0  0  0  0  0
    0.0000    0.8528    0.0000 C   0  0  0  0  0  0  0  0  0  0  0  0
    0.7046    1.2596    0.0000 N   0  0  0  0  0  0  0  0  0  0  0  0
   -1.4289   -1.6222    0.0000 C   0  0  0  0  0  0  0  0  0  0  0  0
    1.4883    1.0019    0.0000 N   0  0  0  0  0  0  0  0  0  0  0  0
    1.9747    1.6681    0.0000 C   0  0  0  0  0  0  0  0  0  0  0  0
    1.4915    2.3368    0.0000 N   0  0  0  0  0  0  0  0  0  0  0  0
    0.7063    2.0839    0.0000 C   0  0  0  0  0  0  0  0  0  0  0  0
   -2.1435   -1.2097    0.0000 C   0  0  0  0  0  0  0  0  0  0  0  0
   -2.8581   -0.7972    0.0000 N   0  0  0  0  0  0  0  0  0  0  0  0
   -1.8414   -2.3368    0.0000 C   0  0  0  0  0  0  0  0  0  0  0  0
   -1.0166   -2.3368    0.0000 C   0  0  0  0  0  0  0  0  0  0  0  0
    0.7145   -1.2097    0.0000 C   0  0  0  0  0  0  0  0  0  0  0  0
    1.4290   -1.6056    0.0000 C   0  0  0  0  0  0  0  0  0  0  0  0
    2.1435   -1.2097    0.0000 C   0  0  0  0  0  0  0  0  0  0  0  0
    2.8580   -0.7972    0.0000 N   0  0  0  0  0  0  0  0  0  0  0  0
    1.8414   -2.3368    0.0000 C   0  0  0  0  0  0  0  0  0  0  0  0
    1.0166   -2.3368    0.0000 C   0  0  0  0  0  0  0  0  0  0  0  0
  1  2  2  0  0  0  0
  2  3  1  0  0  0  0
  3 17  2  0  0  0  0
 17  4  1  0  0  0  0
  4  5  2  0  0  0  0
  1  5  1  0  0  0  0
  5  6  1  0  0  0  0
  6  7  1  0  0  0  0
  2  8  1  0  0  0  0
  7  9  1  0  0  0  0
  9 10  2  0  0  0  0
 10 11  1  0  0  0  0
 11 12  2  0  0  0  0
  7 12  1  0  0  0  0
  8 13  1  0  0  0  0
 13 14  3  0  0  0  0
  8 15  1  0  0  0  0
 16  8  1  0  0  0  0
 17 18  1  0  0  0  0
 18 19  1  0  0  0  0
 19 20  3  0  0  0  0
 18 21  1  0  0  0  0
 22 18  1  0  0  0  0
M  END
