
  Mrv1902 01251923362D          

 14 15  0  0  0  0            999 V2000
    0.4125    1.5150    0.0000 C   0  0  0  0  0  0  0  0  0  0  0  0
   -0.6674    0.7305    0.0000 N   0  0  0  0  0  0  0  0  0  0  0  0
   -1.4643    0.5168    0.0000 C   0  0  0  0  0  0  0  0  0  0  0  0
   -0.4125    1.5150    0.0000 C   0  0  0  0  0  0  0  0  0  0  0  0
   -0.8250    2.2295    0.0000 C   0  0  0  0  0  0  0  0  0  0  0  0
    0.0000    0.2455    0.0000 N   0  0  0  0  0  0  0  0  0  0  0  0
    0.0000   -0.5795    0.0000 C   0  0  0  0  0  0  0  0  0  0  0  0
    0.0000   -2.2295    0.0000 C   0  0  0  0  0  0  0  0  0  0  0  0
    0.7144   -1.8169    0.0000 C   0  0  0  0  0  0  0  0  0  0  0  0
    0.7144   -0.9919    0.0000 C   0  0  0  0  0  0  0  0  0  0  0  0
   -0.7144   -0.9919    0.0000 C   0  0  0  0  0  0  0  0  0  0  0  0
   -0.7144   -1.8169    0.0000 C   0  0  0  0  0  0  0  0  0  0  0  0
    0.6674    0.7305    0.0000 C   0  0  0  0  0  0  0  0  0  0  0  0
    1.4643    0.5168    0.0000 O   0  0  0  0  0  0  0  0  0  0  0  0
  6 13  1  0  0  0  0
  6  2  1  0  0  0  0
 13  1  1  0  0  0  0
  1  4  2  0  0  0  0
  4  2  1  0  0  0  0
  2  3  1  0  0  0  0
  4  5  1  0  0  0  0
  6  7  1  0  0  0  0
 10  7  2  0  0  0  0
  7 11  1  0  0  0  0
  8  9  2  0  0  0  0
  8 12  1  0  0  0  0
  9 10  1  0  0  0  0
 11 12  2  0  0  0  0
 13 14  2  0  0  0  0
M  END
