121
  Mrv0541 02231214272D          

 18 19  0  0  1  0            999 V2000
    5.0072   -1.4297    0.0000 S   0  0  0  0  0  0  0  0  0  0  0  0
    1.6501   -1.4297    0.0000 O   0  0  0  0  0  0  0  0  0  0  0  0
    7.7167    2.0975    0.0000 O   0  0  0  0  0  0  0  0  0  0  0  0
    6.3583    2.5414    0.0000 O   0  0  0  0  0  0  0  0  0  0  0  0
    2.9603   -0.7622    0.0000 N   0  0  0  0  0  0  0  0  0  0  0  0
    2.9603   -2.0972    0.0000 N   0  0  0  0  0  0  0  0  0  0  0  0
    3.7448   -1.0172    0.0000 C   0  0  1  0  0  0  0  0  0  0  0  0
    3.7448   -1.8423    0.0000 C   0  0  2  0  0  0  0  0  0  0  0  0
    4.5257   -0.7658    0.0000 C   0  0  2  0  0  0  0  0  0  0  0  0
    4.5257   -2.0937    0.0000 C   0  0  0  0  0  0  0  0  0  0  0  0
    4.7819    0.0186    0.0000 C   0  0  0  0  0  0  0  0  0  0  0  0
    5.5893    0.1887    0.0000 C   0  0  0  0  0  0  0  0  0  0  0  0
    2.4752   -1.4297    0.0000 C   0  0  0  0  0  0  0  0  0  0  0  0
    5.8456    0.9729    0.0000 C   0  0  0  0  0  0  0  0  0  0  0  0
    6.6530    1.1431    0.0000 C   0  0  0  0  0  0  0  0  0  0  0  0
    6.9093    1.9273    0.0000 C   0  0  0  0  0  0  0  0  0  0  0  0
    3.7458   -0.3571    0.0000 H   0  0  0  0  0  0  0  0  0  0  0  0
    3.7458   -2.5023    0.0000 H   0  0  0  0  0  0  0  0  0  0  0  0
  1  9  1  0  0  0  0
  1 10  1  0  0  0  0
  2 13  2  0  0  0  0
  3 16  1  0  0  0  0
  4 16  2  0  0  0  0
  5  7  1  0  0  0  0
  5 13  1  0  0  0  0
  6  8  1  0  0  0  0
  6 13  1  0  0  0  0
  7  8  1  0  0  0  0
  7  9  1  0  0  0  0
  7 17  1  1  0  0  0
  8 10  1  0  0  0  0
  8 18  1  1  0  0  0
  9 11  1  6  0  0  0
 11 12  1  0  0  0  0
 12 14  1  0  0  0  0
 14 15  1  0  0  0  0
 15 16  1  0  0  0  0
M  END
