
  Mrv1909 01172003492D          

 20 20  0  0  0  0            999 V2000
   -3.5759    0.6185    0.0000 Br  0  0  0  0  0  0  0  0  0  0  0  0
   -0.7080   -1.0334    0.0000 O   0  0  0  0  0  0  0  0  0  0  0  0
   -0.7008    1.4411    0.0000 O   0  0  0  0  0  0  0  0  0  0  0  0
    0.0071    0.2037    0.0000 N   0  0  0  0  0  0  0  0  0  0  0  0
   -3.5759   -1.0262    0.0000 N   0  0  0  0  0  0  0  0  0  0  0  0
    2.1455    0.6185    0.0000 N   0  0  0  0  0  0  0  0  0  0  0  0
   -1.4375    0.2037    0.0000 C   0  0  0  0  0  0  0  0  0  0  0  0
   -1.4375   -0.6185    0.0000 C   0  0  0  0  0  0  0  0  0  0  0  0
   -2.8608    0.2037    0.0000 C   0  0  0  0  0  0  0  0  0  0  0  0
   -0.7080    0.6185    0.0000 C   0  0  0  0  0  0  0  0  0  0  0  0
   -2.1455    0.6185    0.0000 C   0  0  0  0  0  0  0  0  0  0  0  0
   -2.8608   -0.6185    0.0000 C   0  0  0  0  0  0  0  0  0  0  0  0
   -2.1455   -1.0262    0.0000 C   0  0  0  0  0  0  0  0  0  0  0  0
    0.7224    0.6185    0.0000 C   0  0  0  0  0  0  0  0  0  0  0  0
    1.4375    0.2037    0.0000 C   0  0  0  0  0  0  0  0  0  0  0  0
   -0.7080   -1.8559    0.0000 C   0  0  0  0  0  0  0  0  0  0  0  0
    2.8608    0.2037    0.0000 C   0  0  0  0  0  0  0  0  0  0  0  0
    2.1599    1.4411    0.0000 C   0  0  0  0  0  0  0  0  0  0  0  0
    3.5759    0.6185    0.0000 C   0  0  0  0  0  0  0  0  0  0  0  0
    2.8751    1.8559    0.0000 C   0  0  0  0  0  0  0  0  0  0  0  0
  1  9  1  0  0  0  0
  2  8  1  0  0  0  0
  2 16  1  0  0  0  0
  3 10  2  0  0  0  0
  4 10  1  0  0  0  0
  4 14  1  0  0  0  0
  5 12  1  0  0  0  0
  6 15  1  0  0  0  0
  6 17  1  0  0  0  0
  6 18  1  0  0  0  0
  7  8  1  0  0  0  0
  7 10  1  0  0  0  0
  7 11  2  0  0  0  0
  8 13  2  0  0  0  0
  9 11  1  0  0  0  0
  9 12  2  0  0  0  0
 12 13  1  0  0  0  0
 14 15  1  0  0  0  0
 17 19  1  0  0  0  0
 18 20  1  0  0  0  0
M  END
