
  Mrv1652306031607022D          

 22 23  0  0  0  0            999 V2000
   -2.1434    0.4125    0.0000 C   0  0  0  0  0  0  0  0  0  0  0  0
    0.0000    4.1250    0.0000 C   0  0  0  0  0  0  0  0  0  0  0  0
    1.4289    1.6500    0.0000 C   0  0  0  0  0  0  0  0  0  0  0  0
    4.8781    3.1650    0.0000 C   0  0  0  0  0  0  0  0  0  0  0  0
    4.4656    3.8795    0.0000 C   0  0  0  0  0  0  0  0  0  0  0  0
    2.1434    2.8875    0.0000 C   0  0  0  0  0  0  0  0  0  0  0  0
    1.4289    2.4750    0.0000 C   0  0  0  0  0  0  0  0  0  0  0  0
    4.3260    2.5519    0.0000 C   0  0  0  0  0  0  0  0  0  0  0  0
    3.6586    3.7080    0.0000 C   0  0  0  0  0  0  0  0  0  0  0  0
    2.8579    2.4750    0.0000 C   0  0  0  0  0  0  0  0  0  0  0  0
   -1.4289    2.4750    0.0000 C   0  0  0  0  0  0  0  0  0  0  0  0
   -0.7145    1.2375    0.0000 C   0  0  0  0  0  0  0  0  0  0  0  0
   -1.4289    1.6500    0.0000 C   0  0  0  0  0  0  0  0  0  0  0  0
    0.7145    2.8875    0.0000 C   0  0  0  0  0  0  0  0  0  0  0  0
   -0.7145    2.8875    0.0000 C   0  0  0  0  0  0  0  0  0  0  0  0
    0.0000    1.6500    0.0000 C   0  0  0  0  0  0  0  0  0  0  0  0
    0.0000    2.4750    0.0000 C   0  0  0  0  0  0  0  0  0  0  0  0
    3.5724    2.8875    0.0000 N   0  0  0  0  0  0  0  0  0  0  0  0
    0.7145    3.7125    0.0000 O   0  0  0  0  0  0  0  0  0  0  0  0
   -2.1434    1.2375    0.0000 O   0  0  0  0  0  0  0  0  0  0  0  0
   -0.7145    3.7125    0.0000 O   0  0  0  0  0  0  0  0  0  0  0  0
    0.7145    1.2375    0.0000 O   0  0  0  0  0  0  0  0  0  0  0  0
  5  4  1  0  0  0  0
  7  6  1  0  0  0  0
  8  4  1  0  0  0  0
  9  5  1  0  0  0  0
 10  6  1  0  0  0  0
 13 11  2  0  0  0  0
 13 12  1  0  0  0  0
 14  7  1  0  0  0  0
 15 11  1  0  0  0  0
 16 12  2  0  0  0  0
 17 14  1  0  0  0  0
 17 15  2  0  0  0  0
 17 16  1  0  0  0  0
 18  8  1  0  0  0  0
 18  9  1  0  0  0  0
 18 10  1  0  0  0  0
 19 14  2  0  0  0  0
 20  1  1  0  0  0  0
 20 13  1  0  0  0  0
 21  2  1  0  0  0  0
 21 15  1  0  0  0  0
 22  3  1  0  0  0  0
 22 16  1  0  0  0  0
M  END
