
  Mrv1718012131800152D          

 30 33  0  0  0  0            999 V2000
   -2.0023    0.2062    0.0000 C   0  0  0  0  0  0  0  0  0  0  0  0
   -2.7168   -0.2062    0.0000 C   0  0  0  0  0  0  0  0  0  0  0  0
   -2.7168   -1.0312    0.0000 C   0  0  0  0  0  0  0  0  0  0  0  0
   -2.0023   -1.4437    0.0000 C   0  0  0  0  0  0  0  0  0  0  0  0
   -1.2878   -1.0312    0.0000 C   0  0  0  0  0  0  0  0  0  0  0  0
   -1.2878   -0.2062    0.0000 C   0  0  0  0  0  0  0  0  0  0  0  0
   -3.5014    0.0486    0.0000 C   0  0  0  0  0  0  0  0  0  0  0  0
   -3.9863   -0.6187    0.0000 C   0  0  0  0  0  0  0  0  0  0  0  0
   -3.5014   -1.2861    0.0000 N   0  0  0  0  0  0  0  0  0  0  0  0
   -4.6574    0.8885    0.0000 C   0  0  0  0  0  0  0  0  0  0  0  0
   -5.1424    0.2211    0.0000 C   0  0  0  0  0  0  0  0  0  0  0  0
   -4.8068   -0.5325    0.0000 C   0  0  0  0  0  0  0  0  0  0  0  0
   -3.8370    0.8023    0.0000 C   0  0  0  0  0  0  0  0  0  0  0  0
   -2.0023    1.0312    0.0000 O   0  0  0  0  0  0  0  0  0  0  0  0
   -1.2878    1.4437    0.0000 C   0  0  0  0  0  0  0  0  0  0  0  0
   -0.5734    1.0312    0.0000 C   0  0  0  0  0  0  0  0  0  0  0  0
    0.1410    1.4437    0.0000 C   0  0  0  0  0  0  0  0  0  0  0  0
    0.8555    1.0312    0.0000 N   0  0  0  0  0  0  0  0  0  0  0  0
    1.5699    1.4437    0.0000 C   0  0  0  0  0  0  0  0  0  0  0  0
    2.2845    1.0312    0.0000 C   0  0  0  0  0  0  0  0  0  0  0  0
    2.9989    1.4437    0.0000 O   0  0  0  0  0  0  0  0  0  0  0  0
    3.7135    1.0312    0.0000 C   0  0  0  0  0  0  0  0  0  0  0  0
    4.4278    1.4437    0.0000 C   0  0  0  0  0  0  0  0  0  0  0  0
    3.7135    0.2062    0.0000 C   0  0  0  0  0  0  0  0  0  0  0  0
    4.4278   -0.2062    0.0000 C   0  0  0  0  0  0  0  0  0  0  0  0
    5.1424    0.2062    0.0000 C   0  0  0  0  0  0  0  0  0  0  0  0
    5.1424    1.0312    0.0000 C   0  0  0  0  0  0  0  0  0  0  0  0
    2.9989   -0.2062    0.0000 O   0  0  0  0  0  0  0  0  0  0  0  0
    2.2845    0.2062    0.0000 C   0  0  0  0  0  0  0  0  0  0  0  0
   -0.5734    0.2062    0.0000 O   0  0  0  0  0  0  0  0  0  0  0  0
  1  2  1  0  0  0  0
  1  6  2  0  0  0  0
  3  4  1  0  0  0  0
  4  5  2  0  0  0  0
  5  6  1  0  0  0  0
  9  3  1  0  0  0  0
  2  3  2  0  0  0  0
  7  2  1  0  0  0  0
  8  9  1  0  0  0  0
 12  8  2  0  0  0  0
  8  7  1  0  0  0  0
  7 13  2  0  0  0  0
 10 11  2  0  0  0  0
 10 13  1  0  0  0  0
 11 12  1  0  0  0  0
  1 14  1  0  0  0  0
 14 15  1  0  0  0  0
 15 16  1  0  0  0  0
 16 17  1  0  0  0  0
 17 18  1  0  0  0  0
 18 19  1  0  0  0  0
 19 20  1  0  0  0  0
 20 21  1  0  0  0  0
 21 22  1  0  0  0  0
 23 22  2  0  0  0  0
 22 24  1  0  0  0  0
 23 27  1  0  0  0  0
 24 25  2  0  0  0  0
 25 26  1  0  0  0  0
 26 27  2  0  0  0  0
 24 28  1  0  0  0  0
 28 29  1  0  0  0  0
 16 30  1  0  0  0  0
M  END
