
  Mrv1909 01172019232D          

 38 41  0  0  0  0            999 V2000
   -0.9074    0.1443    0.0000 C   0  0  2  0  0  0  0  0  0  0  0  0
   -0.9074   -0.6806    0.0000 N   0  0  0  0  0  0  0  0  0  0  0  0
   -0.2062   -1.0931    0.0000 C   0  0  0  0  0  0  0  0  0  0  0  0
    0.4950   -0.6806    0.0000 C   0  0  0  0  0  0  0  0  0  0  0  0
    0.4950    0.1443    0.0000 C   0  0  0  0  0  0  0  0  0  0  0  0
   -0.2062    0.5568    0.0000 S   0  0  0  0  0  0  0  0  0  0  0  0
   -1.7324    0.1443    0.0000 C   0  0  1  0  0  0  0  0  0  0  0  0
   -1.7324   -0.6806    0.0000 C   0  0  0  0  0  0  0  0  0  0  0  0
   -2.4749    0.5568    0.0000 N   0  0  0  0  0  0  0  0  0  0  0  0
   -3.1762    0.1443    0.0000 C   0  0  0  0  0  0  0  0  0  0  0  0
   -3.1762   -0.6806    0.0000 O   0  0  0  0  0  0  0  0  0  0  0  0
   -2.4749   -1.0931    0.0000 O   0  0  0  0  0  0  0  0  0  0  0  0
   -3.8362    0.5568    0.0000 C   0  0  0  0  0  0  0  0  0  0  0  0
    1.2375   -1.0931    0.0000 C   0  0  0  0  0  0  0  0  0  0  0  0
   -4.5787    0.1443    0.0000 C   0  0  0  0  0  0  0  0  0  0  0  0
   -0.9074    0.9693    0.0000 H   0  0  0  0  0  0  0  0  0  0  0  0
    1.9387   -0.6806    0.0000 S   0  0  0  0  0  0  0  0  0  0  0  0
    2.6400   -1.0931    0.0000 C   0  0  0  0  0  0  0  0  0  0  0  0
   -5.1974    0.6393    0.0000 C   0  0  0  0  0  0  0  0  0  0  0  0
   -5.8987    0.1856    0.0000 S   0  0  0  0  0  0  0  0  0  0  0  0
   -5.6512   -0.6393    0.0000 C   0  0  0  0  0  0  0  0  0  0  0  0
   -4.8262   -0.6393    0.0000 N   0  0  0  0  0  0  0  0  0  0  0  0
   -3.8362    1.3818    0.0000 N   0  0  0  0  0  0  0  0  0  0  0  0
    2.8875   -1.8768    0.0000 N   0  0  0  0  0  0  0  0  0  0  0  0
    3.7125   -1.8768    0.0000 C   0  0  0  0  0  0  0  0  0  0  0  0
    4.0012   -1.0931    0.0000 C   0  0  0  0  0  0  0  0  0  0  0  0
    3.3000   -0.5981    0.0000 S   0  0  0  0  0  0  0  0  0  0  0  0
   -0.2062   -1.9181    0.0000 C   0  0  0  0  0  0  0  0  0  0  0  0
    0.4950   -2.3306    0.0000 O   0  0  0  0  0  0  0  0  0  0  0  0
   -0.9487   -2.3306    0.0000 O   0  0  0  0  0  0  0  0  0  0  0  0
   -6.1462   -1.2993    0.0000 N   0  0  0  0  0  0  0  0  0  0  0  0
    5.4450   -1.0931    0.0000 C   0  0  0  0  0  0  0  0  0  0  0  0
    4.7025   -0.6806    0.0000 C   0  0  0  0  0  0  0  0  0  0  0  0
    6.1462   -0.6806    0.0000 O   0  0  0  0  0  0  0  0  0  0  0  0
    5.4450   -1.9181    0.0000 O   0  0  0  0  0  0  0  0  0  0  0  0
    4.2075   -2.5781    0.0000 C   0  0  0  0  0  0  0  0  0  0  0  0
   -3.1349    1.7531    0.0000 O   0  0  0  0  0  0  0  0  0  0  0  0
   -3.1349    2.5781    0.0000 C   0  0  0  0  0  0  0  0  0  0  0  0
  1  2  1  0  0  0  0
  2  3  1  0  0  0  0
  3  4  2  0  0  0  0
  4  5  1  0  0  0  0
  5  6  1  0  0  0  0
  1  6  1  0  0  0  0
  1  7  1  0  0  0  0
  7  8  1  0  0  0  0
  2  8  1  0  0  0  0
  7  9  1  1  0  0  0
  9 10  1  0  0  0  0
 10 11  2  0  0  0  0
  8 12  2  0  0  0  0
 10 13  1  0  0  0  0
  4 14  1  0  0  0  0
 13 15  1  0  0  0  0
  1 16  1  6  0  0  0
 14 17  1  0  0  0  0
 17 18  1  0  0  0  0
 15 19  2  0  0  0  0
 19 20  1  0  0  0  0
 20 21  1  0  0  0  0
 21 22  2  0  0  0  0
 15 22  1  0  0  0  0
 13 23  2  0  0  0  0
 18 24  2  0  0  0  0
 24 25  1  0  0  0  0
 25 26  2  0  0  0  0
 26 27  1  0  0  0  0
 18 27  1  0  0  0  0
  3 28  1  0  0  0  0
 28 29  1  0  0  0  0
 28 30  2  0  0  0  0
 21 31  1  0  0  0  0
 32 33  1  0  0  0  0
 26 33  1  0  0  0  0
 32 34  1  0  0  0  0
 32 35  2  0  0  0  0
 25 36  1  0  0  0  0
 23 37  1  0  0  0  0
 37 38  1  0  0  0  0
M  END
