
  Mrv0541 03191310472D          

 29 31  0  0  1  0            999 V2000
    6.3222   -7.3480    0.0000 N   0  0  0  0  0  0  0  0  0  0  0  0
    6.3222   -6.5230    0.0000 C   0  0  1  0  0  0  0  0  0  0  0  0
    7.0367   -7.7605    0.0000 C   0  0  0  0  0  0  0  0  0  0  0  0
    5.4972   -7.3480    0.0000 C   0  0  0  0  0  0  0  0  0  0  0  0
    5.4972   -6.5230    0.0000 C   0  0  1  0  0  0  0  0  0  0  0  0
    7.0367   -6.1105    0.0000 S   0  0  0  0  0  0  0  0  0  0  0  0
    7.7512   -7.3480    0.0000 C   0  0  0  0  0  0  0  0  0  0  0  0
    7.0367   -8.5855    0.0000 C   0  0  0  0  0  0  0  0  0  0  0  0
    4.7827   -7.7605    0.0000 O   0  0  0  0  0  0  0  0  0  0  0  0
    4.7827   -6.1105    0.0000 N   0  0  0  0  0  0  0  0  0  0  0  0
    7.7512   -6.5230    0.0000 C   0  0  0  0  0  0  0  0  0  0  0  0
    8.4656   -7.7605    0.0000 C   0  0  0  0  0  0  0  0  0  0  0  0
    7.7512   -8.9980    0.0000 O   0  0  0  0  0  0  0  0  0  0  0  0
    6.3222   -8.9980    0.0000 O   0  0  0  0  0  0  0  0  0  0  0  0
    4.0682   -6.5230    0.0000 C   0  0  0  0  0  0  0  0  0  0  0  0
    9.1801   -7.3480    0.0000 C   0  0  0  0  0  0  0  0  0  0  0  0
    3.3537   -6.1105    0.0000 C   0  0  2  0  0  0  0  0  0  0  0  0
    4.0682   -7.3480    0.0000 O   0  0  0  0  0  0  0  0  0  0  0  0
    3.3537   -5.2855    0.0000 N   0  0  0  0  0  0  0  0  0  0  0  0
    5.4826   -5.7483    0.0000 H   0  0  0  0  0  0  0  0  0  0  0  0
    6.3368   -5.7483    0.0000 H   0  0  0  0  0  0  0  0  0  0  0  0
    2.6393   -6.5230    0.0000 C   0  0  0  0  0  0  0  0  0  0  0  0
    1.9248   -6.1105    0.0000 C   0  0  0  0  0  0  0  0  0  0  0  0
    2.6393   -7.3480    0.0000 C   0  0  0  0  0  0  0  0  0  0  0  0
    1.2103   -6.5230    0.0000 C   0  0  0  0  0  0  0  0  0  0  0  0
    1.9248   -7.7605    0.0000 C   0  0  0  0  0  0  0  0  0  0  0  0
    1.2103   -7.3480    0.0000 C   0  0  0  0  0  0  0  0  0  0  0  0
    0.4959   -7.7605    0.0000 O   0  0  0  0  0  0  0  0  0  0  0  0
    9.8946   -7.7605    0.0000 C   0  0  0  0  0  0  0  0  0  0  0  0
  2  1  1  0  0  0  0
  3  1  1  0  0  0  0
  4  1  1  0  0  0  0
  5  2  1  0  0  0  0
  6  2  1  0  0  0  0
  2 21  1  6  0  0  0
  7  3  2  0  0  0  0
  8  3  1  0  0  0  0
  9  4  2  0  0  0  0
  5  4  1  0  0  0  0
  5 10  1  0  0  0  0
  5 20  1  6  0  0  0
 11  6  1  0  0  0  0
 12  7  1  0  0  0  0
 11  7  1  0  0  0  0
 13  8  2  0  0  0  0
 14  8  1  0  0  0  0
 15 10  1  0  0  0  0
 16 12  2  0  0  0  0
 17 15  1  0  0  0  0
 18 15  2  0  0  0  0
 17 19  1  1  0  0  0
 22 17  1  0  0  0  0
 23 22  1  0  0  0  0
 24 22  2  0  0  0  0
 25 23  2  0  0  0  0
 26 24  1  0  0  0  0
 27 25  1  0  0  0  0
 27 26  2  0  0  0  0
 28 27  1  0  0  0  0
 16 29  1  4  0  0  0
M  END
