
  Mrv0541 04191212162D          

 30 32  0  0  1  0            999 V2000
    9.8459   -4.6691    0.0000 C   0  0  2  0  0  0  0  0  0  0  0  0
    9.8459   -5.4940    0.0000 N   0  0  0  0  0  0  0  0  0  0  0  0
   10.5604   -5.9063    0.0000 C   0  0  0  0  0  0  0  0  0  0  0  0
   11.2748   -5.4940    0.0000 C   0  0  0  0  0  0  0  0  0  0  0  0
   11.2748   -4.6691    0.0000 C   0  0  0  0  0  0  0  0  0  0  0  0
   10.5604   -4.2566    0.0000 S   0  0  0  0  0  0  0  0  0  0  0  0
    9.0210   -4.6691    0.0000 C   0  0  1  0  0  0  0  0  0  0  0  0
    9.0210   -5.4940    0.0000 C   0  0  0  0  0  0  0  0  0  0  0  0
    8.3066   -4.2566    0.0000 N   0  0  0  0  0  0  0  0  0  0  0  0
    7.5922   -4.6691    0.0000 C   0  0  0  0  0  0  0  0  0  0  0  0
    7.5922   -5.4940    0.0000 O   0  0  0  0  0  0  0  0  0  0  0  0
    8.3066   -5.9063    0.0000 O   0  0  0  0  0  0  0  0  0  0  0  0
    6.8777   -4.2566    0.0000 C   0  0  0  0  0  0  0  0  0  0  0  0
   12.0001   -5.9130    0.0000 C   0  0  0  0  0  0  0  0  0  0  0  0
   10.5604   -6.7312    0.0000 C   0  0  0  0  0  0  0  0  0  0  0  0
    9.8360   -7.1494    0.0000 O   0  0  0  0  0  0  0  0  0  0  0  0
   11.2647   -7.1379    0.0000 O   0  0  0  0  0  0  0  0  0  0  0  0
    6.1519   -4.6759    0.0000 C   0  0  0  0  0  0  0  0  0  0  0  0
    9.8459   -3.8433    0.0000 H   0  0  0  0  0  0  0  0  0  0  0  0
    5.4713   -4.1967    0.0000 O   0  0  0  0  0  0  0  0  0  0  0  0
    4.8024   -4.6960    0.0000 C   0  0  0  0  0  0  0  0  0  0  0  0
    5.0706   -5.4865    0.0000 C   0  0  0  0  0  0  0  0  0  0  0  0
    5.9052   -5.4757    0.0000 C   0  0  0  0  0  0  0  0  0  0  0  0
    6.8776   -3.4192    0.0000 N   0  0  0  0  0  0  0  0  0  0  0  0
   12.7246   -5.4950    0.0000 O   0  0  0  0  0  0  0  0  0  0  0  0
   13.4249   -5.8996    0.0000 C   0  0  0  0  0  0  0  0  0  0  0  0
   14.1301   -5.4927    0.0000 N   0  0  0  0  0  0  0  0  0  0  0  0
   13.4247   -6.7288    0.0000 O   0  0  0  0  0  0  0  0  0  0  0  0
    7.5941   -3.0055    0.0000 O   0  0  0  0  0  0  0  0  0  0  0  0
    7.5942   -2.1770    0.0000 C   0  0  0  0  0  0  0  0  0  0  0  0
  1  2  1  0  0  0  0
  2  3  1  0  0  0  0
  3  4  2  0  0  0  0
  4  5  1  0  0  0  0
  5  6  1  0  0  0  0
  1  6  1  0  0  0  0
  1  7  1  0  0  0  0
  7  8  1  0  0  0  0
  2  8  1  0  0  0  0
  7  9  1  1  0  0  0
  9 10  1  0  0  0  0
 10 11  2  0  0  0  0
  8 12  2  0  0  0  0
 10 13  1  0  0  0  0
  4 14  1  0  0  0  0
  3 15  1  0  0  0  0
 15 16  2  0  0  0  0
 15 17  1  0  0  0  0
 13 18  1  0  0  0  0
  1 19  1  6  0  0  0
 18 20  1  0  0  0  0
 20 21  1  0  0  0  0
 21 22  2  0  0  0  0
 22 23  1  0  0  0  0
 18 23  2  0  0  0  0
 13 24  2  0  0  0  0
 14 25  1  0  0  0  0
 25 26  1  0  0  0  0
 26 27  1  0  0  0  0
 26 28  2  0  0  0  0
 24 29  1  0  0  0  0
 29 30  1  0  0  0  0
M  END
