
  Mrv1909 02052022432D          

 25 27  0  0  0  0            999 V2000
    1.4893    0.6203    0.0000 C   0  0  2  0  0  0  0  0  0  0  0  0
    1.4893   -0.2047    0.0000 N   0  0  0  0  0  0  0  0  0  0  0  0
    2.2039   -0.6173    0.0000 C   0  0  0  0  0  0  0  0  0  0  0  0
    2.9185   -0.2047    0.0000 C   0  0  0  0  0  0  0  0  0  0  0  0
    2.9185    0.6203    0.0000 C   0  0  0  0  0  0  0  0  0  0  0  0
    2.2039    1.0328    0.0000 S   0  0  0  0  0  0  0  0  0  0  0  0
    0.6642    0.6203    0.0000 C   0  0  1  0  0  0  0  0  0  0  0  0
    0.6642   -0.2047    0.0000 C   0  0  0  0  0  0  0  0  0  0  0  0
   -0.0503    1.0328    0.0000 N   0  0  0  0  0  0  0  0  0  0  0  0
   -0.7650    0.6203    0.0000 C   0  0  0  0  0  0  0  0  0  0  0  0
   -0.7650   -0.2047    0.0000 O   0  0  0  0  0  0  0  0  0  0  0  0
   -0.0503   -0.6173    0.0000 O   0  0  0  0  0  0  0  0  0  0  0  0
   -1.4796    1.0328    0.0000 C   0  0  1  0  0  0  0  0  0  0  0  0
    3.6329   -0.6175    0.0000 C   0  0  0  0  0  0  0  0  0  0  0  0
    2.2039   -1.4423    0.0000 C   0  0  0  0  0  0  0  0  0  0  0  0
    1.4794   -1.8606    0.0000 O   0  0  0  0  0  0  0  0  0  0  0  0
    2.9085   -1.8491    0.0000 O   0  0  0  0  0  0  0  0  0  0  0  0
   -2.2056    0.6134    0.0000 C   0  0  0  0  0  0  0  0  0  0  0  0
   -2.9193    1.0254    0.0000 C   0  0  0  0  0  0  0  0  0  0  0  0
   -3.6329    0.6134    0.0000 C   0  0  0  0  0  0  0  0  0  0  0  0
   -3.6329   -0.2106    0.0000 C   0  0  0  0  0  0  0  0  0  0  0  0
   -2.9193   -0.6227    0.0000 C   0  0  0  0  0  0  0  0  0  0  0  0
   -2.2056   -0.2106    0.0000 C   0  0  0  0  0  0  0  0  0  0  0  0
   -1.4796    1.8606    0.0000 N   0  0  0  0  0  0  0  0  0  0  0  0
    1.4893    1.4463    0.0000 H   0  0  0  0  0  0  0  0  0  0  0  0
  1  2  1  0  0  0  0
  2  3  1  0  0  0  0
  3  4  2  0  0  0  0
  4  5  1  0  0  0  0
  5  6  1  0  0  0  0
  1  6  1  0  0  0  0
  1  7  1  0  0  0  0
  7  8  1  0  0  0  0
  2  8  1  0  0  0  0
  7  9  1  1  0  0  0
  9 10  1  0  0  0  0
 10 11  2  0  0  0  0
  8 12  2  0  0  0  0
 10 13  1  0  0  0  0
  4 14  1  0  0  0  0
  3 15  1  0  0  0  0
 15 16  2  0  0  0  0
 15 17  1  0  0  0  0
 13 18  1  0  0  0  0
 18 19  2  0  0  0  0
 19 20  1  0  0  0  0
 20 21  2  0  0  0  0
 21 22  1  0  0  0  0
 22 23  2  0  0  0  0
 18 23  1  0  0  0  0
 13 24  1  1  0  0  0
  1 25  1  6  0  0  0
M  END
