
  Mrv1909 02052022492D          

 29 31  0  0  0  0            999 V2000
   -0.7572    0.8180    0.0000 N   0  0  0  0  0  0  0  0  0  0  0  0
   -1.4674    0.4138    0.0000 C   0  0  0  0  0  0  0  0  0  0  0  0
   -2.1981    0.8481    0.0000 C   0  0  0  0  0  0  0  0  0  0  0  0
   -1.4608   -0.4503    0.0000 O   0  0  0  0  0  0  0  0  0  0  0  0
   -0.0453    0.4011    0.0000 C   0  0  1  0  0  0  0  0  0  0  0  0
    0.7596   -0.4372    0.0000 N   0  0  0  0  0  0  0  0  0  0  0  0
    0.7596    0.3978    0.0000 C   0  0  2  0  0  0  0  0  0  0  0  0
   -0.0453   -0.4372    0.0000 C   0  0  0  0  0  0  0  0  0  0  0  0
    1.4768   -0.8514    0.0000 C   0  0  0  0  0  0  0  0  0  0  0  0
    1.4768    0.8088    0.0000 S   0  0  0  0  0  0  0  0  0  0  0  0
   -0.7535   -0.8938    0.0000 O   0  0  0  0  0  0  0  0  0  0  0  0
    2.1915   -0.4372    0.0000 C   0  0  0  0  0  0  0  0  0  0  0  0
    1.4768   -1.6732    0.0000 C   0  0  0  0  0  0  0  0  0  0  0  0
    2.1915    0.3978    0.0000 C   0  0  0  0  0  0  0  0  0  0  0  0
    0.7797   -2.1129    0.0000 O   0  0  0  0  0  0  0  0  0  0  0  0
    2.1717   -2.0929    0.0000 O   0  0  0  0  0  0  0  0  0  0  0  0
    0.7596    1.1974    0.0000 H   0  0  0  0  0  0  0  0  0  0  0  0
    2.9064   -0.8490    0.0000 C   0  0  0  0  0  0  0  0  0  0  0  0
    3.6205   -0.4360    0.0000 O   0  0  0  0  0  0  0  0  0  0  0  0
    4.3353   -0.8479    0.0000 C   0  0  0  0  0  0  0  0  0  0  0  0
    5.0494   -0.4348    0.0000 C   0  0  0  0  0  0  0  0  0  0  0  0
    4.3360   -1.6729    0.0000 O   0  0  0  0  0  0  0  0  0  0  0  0
   -2.9178    0.4449    0.0000 S   0  0  0  0  0  0  0  0  0  0  0  0
   -3.6268    0.8665    0.0000 C   0  0  0  0  0  0  0  0  0  0  0  0
   -3.6125    1.6914    0.0000 C   0  0  0  0  0  0  0  0  0  0  0  0
   -4.3205    2.1129    0.0000 C   0  0  0  0  0  0  0  0  0  0  0  0
   -5.0412    1.7097    0.0000 N   0  0  0  0  0  0  0  0  0  0  0  0
   -5.0494    0.8804    0.0000 C   0  0  0  0  0  0  0  0  0  0  0  0
   -4.3403    0.4626    0.0000 C   0  0  0  0  0  0  0  0  0  0  0  0
  9 13  1  0  0  0  0
 10 14  1  0  0  0  0
 13 15  1  0  0  0  0
 13 16  2  0  0  0  0
  8  5  1  0  0  0  0
 12 14  1  0  0  0  0
  7 17  1  6  0  0  0
  2  4  2  0  0  0  0
 12 18  1  0  0  0  0
 18 19  1  0  0  0  0
  5  1  1  1  0  0  0
 19 20  1  0  0  0  0
  1  2  1  0  0  0  0
 20 21  1  0  0  0  0
  2  3  1  0  0  0  0
 20 22  2  0  0  0  0
  6  7  1  0  0  0  0
  3 23  1  0  0  0  0
  6  8  1  0  0  0  0
 23 24  1  0  0  0  0
  6  9  1  0  0  0  0
 24 25  2  0  0  0  0
  7  5  1  0  0  0  0
 25 26  1  0  0  0  0
  7 10  1  0  0  0  0
 26 27  2  0  0  0  0
  8 11  2  0  0  0  0
 27 28  1  0  0  0  0
  9 12  2  0  0  0  0
 28 29  2  0  0  0  0
 29 24  1  0  0  0  0
M  END
