
  Mrv1909 01232000132D          

 35 38  0  0  0  0            999 V2000
   -3.5775   -0.2040    0.0000 C   0  0  0  0  0  0  0  0  0  0  0  0
   -3.5775    0.6210    0.0000 C   0  0  0  0  0  0  0  0  0  0  0  0
   -2.8631    1.0333    0.0000 C   0  0  0  0  0  0  0  0  0  0  0  0
   -2.1486    0.6210    0.0000 C   0  0  0  0  0  0  0  0  0  0  0  0
   -2.1486   -0.2040    0.0000 C   0  0  0  0  0  0  0  0  0  0  0  0
   -2.8631   -0.6165    0.0000 C   0  0  0  0  0  0  0  0  0  0  0  0
   -1.4341    1.0333    0.0000 C   0  0  0  0  0  0  0  0  0  0  0  0
   -0.7197    0.6210    0.0000 C   0  0  0  0  0  0  0  0  0  0  0  0
   -0.7197   -0.2040    0.0000 C   0  0  1  0  0  0  0  0  0  0  0  0
   -1.4341   -0.6165    0.0000 C   0  0  1  0  0  0  0  0  0  0  0  0
   -0.0051    1.0333    0.0000 C   0  0  0  0  0  0  0  0  0  0  0  0
    0.7093    0.6210    0.0000 C   0  0  1  0  0  0  0  0  0  0  0  0
    0.7093   -0.2040    0.0000 C   0  0  1  0  0  0  0  0  0  0  0  0
   -0.0051   -0.6165    0.0000 C   0  0  0  0  0  0  0  0  0  0  0  0
    1.4237    1.0333    0.0000 C   0  0  0  0  0  0  0  0  0  0  0  0
    2.1382    0.6210    0.0000 C   0  0  0  0  0  0  0  0  0  0  0  0
    2.1382   -0.2040    0.0000 C   0  0  0  0  0  0  0  0  0  0  0  0
    1.4237   -0.6165    0.0000 C   0  0  1  0  0  0  0  0  0  0  0  0
   -2.8631   -1.4414    0.0000 Cl  0  0  0  0  0  0  0  0  0  0  0  0
   -2.8631    1.8583    0.0000 O   0  0  0  0  0  0  0  0  0  0  0  0
   -1.4341    1.8584    0.0000 O   0  0  0  0  0  0  0  0  0  0  0  0
   -0.0051    1.8583    0.0000 O   0  0  0  0  0  0  0  0  0  0  0  0
    1.4237    1.8584    0.0000 O   0  0  0  0  0  0  0  0  0  0  0  0
    2.8660    1.0412    0.0000 C   0  0  0  0  0  0  0  0  0  0  0  0
    2.8660   -0.6244    0.0000 O   0  0  0  0  0  0  0  0  0  0  0  0
    3.5775    0.6307    0.0000 N   0  0  0  0  0  0  0  0  0  0  0  0
    2.8658    1.8584    0.0000 O   0  0  0  0  0  0  0  0  0  0  0  0
   -0.7197   -0.8302    0.0000 H   0  0  0  0  0  0  0  0  0  0  0  0
    0.7093   -0.8302    0.0000 H   0  0  0  0  0  0  0  0  0  0  0  0
    1.4237   -1.4415    0.0000 N   0  0  0  0  0  0  0  0  0  0  0  0
    0.7093    1.4459    0.0000 O   0  0  0  0  0  0  0  0  0  0  0  0
    0.7017   -1.8584    0.0000 C   0  0  0  0  0  0  0  0  0  0  0  0
    2.1307   -1.8496    0.0000 C   0  0  0  0  0  0  0  0  0  0  0  0
   -1.0215   -1.3310    0.0000 C   0  0  0  0  0  0  0  0  0  0  0  0
   -1.8465   -1.3310    0.0000 O   0  0  0  0  0  0  0  0  0  0  0  0
  1  2  2  0  0  0  0
  2  3  1  0  0  0  0
  3  4  2  0  0  0  0
  4  5  1  0  0  0  0
  5  6  2  0  0  0  0
  1  6  1  0  0  0  0
  4  7  1  0  0  0  0
  7  8  1  0  0  0  0
  8  9  1  0  0  0  0
  9 10  1  0  0  0  0
  5 10  1  0  0  0  0
  8 11  2  0  0  0  0
 11 12  1  0  0  0  0
 12 13  1  0  0  0  0
 13 14  1  0  0  0  0
  9 14  1  0  0  0  0
 12 15  1  0  0  0  0
 15 16  1  0  0  0  0
 16 17  2  0  0  0  0
 17 18  1  0  0  0  0
 13 18  1  0  0  0  0
  6 19  1  0  0  0  0
  3 20  1  0  0  0  0
  7 21  2  0  0  0  0
 11 22  1  0  0  0  0
 15 23  2  0  0  0  0
 16 24  1  0  0  0  0
 17 25  1  0  0  0  0
 24 26  1  0  0  0  0
 24 27  2  0  0  0  0
  9 28  1  1  0  0  0
 13 29  1  1  0  0  0
 18 30  1  1  0  0  0
 12 31  1  1  0  0  0
 30 32  1  0  0  0  0
 30 33  1  0  0  0  0
 10 34  1  1  0  0  0
 10 35  1  6  0  0  0
M  END
