1243
  Mrv0541 02231215212D          

 13 14  0  0  0  0            999 V2000
    3.0786    1.7777    0.0000 Cl  0  0  0  0  0  0  0  0  0  0  0  0
    1.6498   -0.6970    0.0000 Cl  0  0  0  0  0  0  0  0  0  0  0  0
    3.0786   -1.5219    0.0000 O   0  0  0  0  0  0  0  0  0  0  0  0
    4.5303   -0.7257    0.0000 N   0  0  0  0  0  0  0  0  0  0  0  0
    3.7929    0.5403    0.0000 C   0  0  0  0  0  0  0  0  0  0  0  0
    3.7929   -0.2846    0.0000 C   0  0  0  0  0  0  0  0  0  0  0  0
    3.0786   -0.6970    0.0000 C   0  0  0  0  0  0  0  0  0  0  0  0
    3.0786    0.9528    0.0000 C   0  0  0  0  0  0  0  0  0  0  0  0
    4.5303    0.9814    0.0000 C   0  0  0  0  0  0  0  0  0  0  0  0
    2.3641   -0.2846    0.0000 C   0  0  0  0  0  0  0  0  0  0  0  0
    2.3641    0.5403    0.0000 C   0  0  0  0  0  0  0  0  0  0  0  0
    5.2777    0.5574    0.0000 C   0  0  0  0  0  0  0  0  0  0  0  0
    5.2777   -0.3018    0.0000 C   0  0  0  0  0  0  0  0  0  0  0  0
  1  8  1  0  0  0  0
  2 10  1  0  0  0  0
  3  7  1  0  0  0  0
  4  6  1  0  0  0  0
  4 13  2  0  0  0  0
  5  6  2  0  0  0  0
  5  8  1  0  0  0  0
  5  9  1  0  0  0  0
  6  7  1  0  0  0  0
  7 10  2  0  0  0  0
  8 11  2  0  0  0  0
  9 12  2  0  0  0  0
 10 11  1  0  0  0  0
 12 13  1  0  0  0  0
M  END
