
  Mrv1652308191618302D          

 32 36  0  0  0  0            999 V2000
    0.6675   -0.0774    0.0000 C   0  0  0  0  0  0  0  0  0  0  0  0
   -2.4389    2.6358    0.0000 C   0  0  0  0  0  0  0  0  0  0  0  0
   -3.0192    2.0494    0.0000 C   0  0  0  0  0  0  0  0  0  0  0  0
   -1.6409    2.4265    0.0000 C   0  0  0  0  0  0  0  0  0  0  0  0
   -2.8015    1.2537    0.0000 C   0  0  0  0  0  0  0  0  0  0  0  0
   -1.4232    1.6307    0.0000 C   0  0  0  0  0  0  0  0  0  0  0  0
    0.6593   -2.6358    0.0000 C   0  0  0  0  0  0  0  0  0  0  0  0
    1.4810   -2.5621    0.0000 C   0  0  0  0  0  0  0  0  0  0  0  0
    1.0892   -1.4502    0.0000 C   0  0  0  0  0  0  0  0  0  0  0  0
    1.0719    0.1468    0.0000 C   0  0  0  0  0  0  0  0  0  0  0  0
    0.9420   -1.1719    0.0000 C   0  0  0  0  0  0  0  0  0  0  0  0
   -2.4438   -0.3310    0.0000 C   0  0  0  0  0  0  0  0  0  0  0  0
    1.0063   -1.8873    0.0000 C   0  0  0  0  0  0  0  0  0  0  0  0
   -2.0035    1.0443    0.0000 C   0  0  0  0  0  0  0  0  0  0  0  0
    0.7041   -0.5915    0.0000 C   0  0  2  0  0  0  0  0  0  0  0  0
   -1.7859    0.2485    0.0000 C   0  0  2  0  0  0  0  0  0  0  0  0
    1.8539   -1.5338    0.0000 C   0  0  2  0  0  0  0  0  0  0  0  0
    1.8786    0.3197    0.0000 C   0  0  1  0  0  0  0  0  0  0  0  0
    2.5057   -1.0281    0.0000 C   0  0  2  0  0  0  0  0  0  0  0  0
    2.5167   -0.2032    0.0000 C   0  0  1  0  0  0  0  0  0  0  0  0
   -0.9697    0.0344    0.0000 C   0  0  0  0  0  0  0  0  0  0  0  0
    1.6346   -0.6039    0.0000 N   0  3  0  0  0  0  0  0  0  0  0  0
   -3.2256   -0.0676    0.0000 O   0  0  0  0  0  0  0  0  0  0  0  0
   -0.8847    0.8550    0.0000 O   0  0  0  0  0  0  0  0  0  0  0  0
   -0.2449   -0.4905    0.0000 O   0  0  0  0  0  0  0  0  0  0  0  0
    3.2256   -0.6252    0.0000 O   0  0  0  0  0  0  0  0  0  0  0  0
    0.2088   -1.2513    0.0000 H   0  0  0  0  0  0  0  0  0  0  0  0
   -2.5762    0.4851    0.0000 H   0  0  0  0  0  0  0  0  0  0  0  0
    2.2692   -2.2467    0.0000 H   0  0  0  0  0  0  0  0  0  0  0  0
    2.0729    1.1215    0.0000 H   0  0  0  0  0  0  0  0  0  0  0  0
    2.9613   -1.7159    0.0000 H   0  0  0  0  0  0  0  0  0  0  0  0
    2.9905    0.4721    0.0000 H   0  0  0  0  0  0  0  0  0  0  0  0
  3  2  2  0  0  0  0
  4  2  1  0  0  0  0
  5  3  1  0  0  0  0
  6  4  2  0  0  0  0
  8  7  1  0  0  0  0
 13  7  1  0  0  0  0
 13  8  1  0  0  0  0
 13 11  1  0  0  0  0
 14  5  2  0  0  0  0
 14  6  1  0  0  0  0
 15  9  1  0  0  0  0
 15 10  1  0  0  0  0
 16 12  1  6  0  0  0
 16 14  1  0  0  0  0
 17  9  1  0  0  0  0
 18 10  1  0  0  0  0
 19 17  1  0  0  0  0
 20 18  1  0  0  0  0
 20 19  1  0  0  0  0
 21 16  1  0  0  0  0
 22  1  1  0  0  0  0
 22 11  1  0  0  0  0
 22 17  1  0  0  0  0
 22 18  1  0  0  0  0
 23 12  1  0  0  0  0
 24 21  2  0  0  0  0
 15 25  1  1  0  0  0
 25 21  1  0  0  0  0
 26 19  1  0  0  0  0
 26 20  1  0  0  0  0
 15 27  1  6  0  0  0
 16 28  1  1  0  0  0
 17 29  1  6  0  0  0
 18 30  1  6  0  0  0
 19 31  1  1  0  0  0
 20 32  1  1  0  0  0
M  CHG  1  22   1
M  END
