
  Mrv1718012151821452D          

 27 28  0  0  0  0            999 V2000
    2.0759    1.0310    0.0000 O   0  0  0  0  0  0  0  0  0  0  0  0
    2.7904    0.6185    0.0000 C   0  0  1  0  0  0  0  0  0  0  0  0
    2.7904   -0.2065    0.0000 C   0  0  2  0  0  0  0  0  0  0  0  0
    3.5049   -0.6190    0.0000 O   0  0  0  0  0  0  0  0  0  0  0  0
    2.0759   -0.6190    0.0000 C   0  0  1  0  0  0  0  0  0  0  0  0
    2.0759   -1.4440    0.0000 O   0  0  0  0  0  0  0  0  0  0  0  0
    1.3615   -0.2065    0.0000 C   0  0  1  0  0  0  0  0  0  0  0  0
    0.6470   -0.6190    0.0000 O   0  0  0  0  0  0  0  0  0  0  0  0
    1.3615    0.6185    0.0000 C   0  0  1  0  0  0  0  0  0  0  0  0
    3.5049    1.0310    0.0000 S   0  0  0  0  0  0  0  0  0  0  0  0
    3.5049    1.8560    0.0000 C   0  0  0  0  0  0  0  0  0  0  0  0
   -0.0674    2.2685    0.0000 C   0  0  0  0  0  0  0  0  0  0  0  0
    0.6470    1.8560    0.0000 C   0  0  0  0  0  0  0  0  0  0  0  0
    1.3615    2.2685    0.0000 Cl  0  0  0  0  0  0  0  0  0  0  0  0
    0.6470    1.0310    0.0000 C   0  0  0  0  0  0  0  0  0  0  0  0
   -0.0674    0.6185    0.0000 N   0  0  0  0  0  0  0  0  0  0  0  0
   -2.7658    0.2060    0.0000 C   0  0  0  0  0  0  0  0  0  0  0  0
   -1.4963   -0.2064    0.0000 C   0  0  0  0  0  0  0  0  0  0  0  0
   -1.4963    0.6185    0.0000 C   0  0  2  0  0  0  0  0  0  0  0  0
   -2.2809    0.8735    0.0000 N   0  0  0  0  0  0  0  0  0  0  0  0
   -2.6934    1.5879    0.0000 C   0  0  0  0  0  0  0  0  0  0  0  0
   -2.2809   -0.4613    0.0000 C   0  0  1  0  0  0  0  0  0  0  0  0
   -2.4945   -1.2582    0.0000 C   0  0  0  0  0  0  0  0  0  0  0  0
   -3.2913   -1.4718    0.0000 C   0  0  0  0  0  0  0  0  0  0  0  0
   -3.5049   -2.2686    0.0000 C   0  0  0  0  0  0  0  0  0  0  0  0
   -0.7818    1.0310    0.0000 C   0  0  0  0  0  0  0  0  0  0  0  0
   -0.7818    1.8560    0.0000 O   0  0  0  0  0  0  0  0  0  0  0  0
  1  9  1  0  0  0  0
  1  2  1  0  0  0  0
  9  7  1  0  0  0  0
  7  5  1  0  0  0  0
  5  3  1  0  0  0  0
  3  2  1  0  0  0  0
  2 10  1  6  0  0  0
  3  4  1  6  0  0  0
  5  6  1  1  0  0  0
  7  8  1  1  0  0  0
  9 15  1  1  0  0  0
 10 11  1  0  0  0  0
 15 13  1  0  0  0  0
 13 12  1  0  0  0  0
 13 14  1  0  0  0  0
 15 16  1  0  0  0  0
 16 26  1  0  0  0  0
 19 26  1  6  0  0  0
 20 17  1  0  0  0  0
 20 19  1  0  0  0  0
 17 22  1  0  0  0  0
 22 18  1  0  0  0  0
 18 19  1  0  0  0  0
 20 21  1  0  0  0  0
 22 23  1  1  0  0  0
 23 24  1  0  0  0  0
 24 25  1  0  0  0  0
 26 27  2  0  0  0  0
M  END
