
  Mrv1718005151812442D          

 25 28  0  0  0  0            999 V2000
   -1.4003   -0.4090    0.0000 N   0  0  0  0  0  0  0  0  0  0  0  0
   -2.1247    0.8285    0.0000 C   0  0  0  0  0  0  0  0  0  0  0  0
   -0.6859    0.0035    0.0000 C   0  0  0  0  0  0  0  0  0  0  0  0
   -0.6859    0.8285    0.0000 C   0  0  0  0  0  0  0  0  0  0  0  0
    0.0283   -0.4090    0.0000 C   0  0  0  0  0  0  0  0  0  0  0  0
   -2.1247    0.0035    0.0000 C   0  0  0  0  0  0  0  0  0  0  0  0
   -1.4003    1.2410    0.0000 C   0  0  0  0  0  0  0  0  0  0  0  0
    0.7426    0.0035    0.0000 C   0  0  0  0  0  0  0  0  0  0  0  0
    1.4588   -0.4099    0.0000 N   0  0  0  0  0  0  0  0  0  0  0  0
    0.7426    0.8285    0.0000 C   0  0  0  0  0  0  0  0  0  0  0  0
   -1.3978   -1.2359    0.0000 C   0  0  0  0  0  0  0  0  0  0  0  0
    0.0283    1.2410    0.0000 C   0  0  0  0  0  0  0  0  0  0  0  0
   -2.8417    1.2406    0.0000 C   0  0  0  0  0  0  0  0  0  0  0  0
   -1.8097   -1.9023    0.0000 C   0  0  0  0  0  0  0  0  0  0  0  0
   -0.9832   -1.9005    0.0000 C   0  0  0  0  0  0  0  0  0  0  0  0
    2.2039   -0.0688    0.0000 C   0  0  0  0  0  0  0  0  0  0  0  0
    1.5335   -1.2260    0.0000 C   0  0  0  0  0  0  0  0  0  0  0  0
   -1.3983    1.9023    0.0000 O   0  0  0  0  0  0  0  0  0  0  0  0
    0.0283   -1.0702    0.0000 Cl  0  0  0  0  0  0  0  0  0  0  0  0
   -3.4138    0.9093    0.0000 O   0  0  0  0  0  0  0  0  0  0  0  0
    2.3417   -1.3990    0.0000 C   0  0  0  0  0  0  0  0  0  0  0  0
    1.3152    1.1591    0.0000 F   0  0  0  0  0  0  0  0  0  0  0  0
    2.7561   -0.6838    0.0000 C   0  0  0  0  0  0  0  0  0  0  0  0
   -2.8427    1.9019    0.0000 O   0  0  0  0  0  0  0  0  0  0  0  0
    3.4138   -0.6157    0.0000 N   0  0  0  0  0  0  0  0  0  0  0  0
  1  3  1  0  0  0  0
  3  4  1  0  0  0  0
  3  5  2  0  0  0  0
  1  6  1  0  0  0  0
  2  6  2  0  0  0  0
  2  7  1  0  0  0  0
  4  7  1  0  0  0  0
  5  8  1  0  0  0  0
  8  9  1  0  0  0  0
  8 10  2  0  0  0  0
  1 11  1  0  0  0  0
  4 12  2  0  0  0  0
 10 12  1  0  0  0  0
  2 13  1  0  0  0  0
 11 14  1  0  0  0  0
 11 15  1  0  0  0  0
 14 15  1  0  0  0  0
  9 16  1  0  0  0  0
  9 17  1  0  0  0  0
  7 18  2  0  0  0  0
  5 19  1  0  0  0  0
 13 20  2  0  0  0  0
 17 21  1  0  0  0  0
 10 22  1  0  0  0  0
 16 23  1  0  0  0  0
 21 23  1  0  0  0  0
 13 24  1  0  0  0  0
 23 25  1  0  0  0  0
M  END
