
  Mrv1718009051812492D          

 34 38  0  0  0  0            999 V2000
   -2.1371    0.0787    0.0000 C   0  0  1  0  0  0  0  0  0  0  0  0
   -2.8516   -0.3337    0.0000 C   0  0  2  0  0  0  0  0  0  0  0  0
   -2.8516   -1.1587    0.0000 C   0  0  0  0  0  0  0  0  0  0  0  0
   -2.1371   -1.5712    0.0000 C   0  0  0  0  0  0  0  0  0  0  0  0
   -1.4227   -1.1587    0.0000 C   0  0  0  0  0  0  0  0  0  0  0  0
   -1.4227   -0.3337    0.0000 C   0  0  1  0  0  0  0  0  0  0  0  0
   -0.7083    0.0787    0.0000 C   0  0  2  0  0  0  0  0  0  0  0  0
   -0.7083   -1.5712    0.0000 C   0  0  0  0  0  0  0  0  0  0  0  0
    0.0062   -1.1587    0.0000 C   0  0  0  0  0  0  0  0  0  0  0  0
    0.0062   -0.3337    0.0000 C   0  0  1  0  0  0  0  0  0  0  0  0
    0.0062    1.3162    0.0000 C   0  0  0  0  0  0  0  0  0  0  0  0
   -0.7083    0.9037    0.0000 C   0  0  0  0  0  0  0  0  0  0  0  0
    0.7206    0.0787    0.0000 C   0  0  1  0  0  0  0  0  0  0  0  0
    0.7206    0.9037    0.0000 C   0  0  1  0  0  0  0  0  0  0  0  0
    1.5052    1.1587    0.0000 C   0  0  2  0  0  0  0  0  0  0  0  0
    1.5052   -0.1761    0.0000 C   0  0  0  0  0  0  0  0  0  0  0  0
    1.9901    0.4912    0.0000 C   0  0  0  0  0  0  0  0  0  0  0  0
   -3.5661   -1.5712    0.0000 O   0  0  0  0  0  0  0  0  0  0  0  0
   -0.7083   -2.3962    0.0000 Cl  0  0  0  0  0  0  0  0  0  0  0  0
    1.5052    1.9837    0.0000 C   0  0  0  0  0  0  0  0  0  0  0  0
    0.7907    2.3962    0.0000 C   0  0  0  0  0  0  0  0  0  0  0  0
    2.2197    2.3962    0.0000 O   0  0  0  0  0  0  0  0  0  0  0  0
    2.2197    1.5712    0.0000 O   0  0  0  0  0  0  0  0  0  0  0  0
    0.7206    1.7287    0.0000 C   0  0  0  0  0  0  0  0  0  0  0  0
   -1.4227    0.4912    0.0000 C   0  0  0  0  0  0  0  0  0  0  0  0
   -2.8516    0.4912    0.0000 C   0  0  0  0  0  0  0  0  0  0  0  0
   -1.9236    0.8756    0.0000 H   0  0  0  0  0  0  0  0  0  0  0  0
   -3.6486   -0.1202    0.0000 H   0  0  0  0  0  0  0  0  0  0  0  0
   -0.7083   -0.7462    0.0000 H   0  0  0  0  0  0  0  0  0  0  0  0
    0.7206   -0.7462    0.0000 H   0  0  0  0  0  0  0  0  0  0  0  0
    0.0062    0.4912    0.0000 H   0  0  0  0  0  0  0  0  0  0  0  0
    2.9341    1.1587    0.0000 C   0  0  0  0  0  0  0  0  0  0  0  0
    3.6486    1.5712    0.0000 C   0  0  0  0  0  0  0  0  0  0  0  0
    2.9341    0.3337    0.0000 O   0  0  0  0  0  0  0  0  0  0  0  0
  1  2  1  0  0  0  0
  2  3  1  0  0  0  0
  3  4  1  0  0  0  0
  4  5  2  0  0  0  0
  1  6  1  0  0  0  0
  7  6  1  0  0  0  0
  6  5  1  0  0  0  0
  5  8  1  0  0  0  0
  8  9  2  0  0  0  0
  9 10  1  0  0  0  0
 10 13  1  0  0  0  0
  7 10  1  0  0  0  0
 12  7  1  0  0  0  0
 11 12  1  0  0  0  0
 11 14  1  0  0  0  0
 15 14  1  0  0  0  0
 14 13  1  0  0  0  0
 13 16  1  0  0  0  0
 16 17  1  0  0  0  0
 15 17  1  0  0  0  0
  3 18  2  0  0  0  0
  8 19  1  0  0  0  0
 15 20  1  0  0  0  0
 20 21  1  0  0  0  0
 20 22  2  0  0  0  0
 15 23  1  6  0  0  0
 14 24  1  1  0  0  0
  6 25  1  1  0  0  0
  2 26  1  0  0  0  0
  1 26  1  0  0  0  0
  1 27  1  1  0  0  0
  2 28  1  1  0  0  0
  7 29  1  6  0  0  0
 13 30  1  6  0  0  0
 10 31  1  1  0  0  0
 23 32  1  0  0  0  0
 32 33  1  0  0  0  0
 32 34  2  0  0  0  0
M  END
