
  Mrv1909 02192017472D          

115118  0  0  0  0            999 V2000
   -3.9187    2.5006    0.0000 C   0  0  0  0  0  0  0  0  0  0  0  0
   -3.0938    2.5006    0.0000 N   0  0  0  0  0  0  0  0  0  0  0  0
   -2.6812    1.7862    0.0000 C   0  0  2  0  0  0  0  0  0  0  0  0
   -1.8562    1.7862    0.0000 C   0  0  0  0  0  0  0  0  0  0  0  0
   -1.4437    1.0716    0.0000 N   0  0  0  0  0  0  0  0  0  0  0  0
   -0.6187    1.0716    0.0000 C   0  0  1  0  0  0  0  0  0  0  0  0
   -0.2062    0.3572    0.0000 C   0  0  0  0  0  0  0  0  0  0  0  0
    0.6187    0.3572    0.0000 N   0  0  0  0  0  0  0  0  0  0  0  0
    1.0312   -0.3572    0.0000 C   0  0  2  0  0  0  0  0  0  0  0  0
    1.8562   -0.3572    0.0000 C   0  0  0  0  0  0  0  0  0  0  0  0
    2.2687   -1.0716    0.0000 N   0  0  0  0  0  0  0  0  0  0  0  0
    3.0938   -1.0716    0.0000 C   0  0  2  0  0  0  0  0  0  0  0  0
    8.0437    0.3572    0.0000 O   0  0  0  0  0  0  0  0  0  0  0  0
    8.4563    1.0716    0.0000 C   0  0  0  0  0  0  0  0  0  0  0  0
    9.2813    1.0716    0.0000 O   0  0  0  0  0  0  0  0  0  0  0  0
    8.0437    1.7862    0.0000 C   0  0  0  0  0  0  0  0  0  0  0  0
    3.3772   -4.0299    0.0000 C   0  0  2  0  0  0  0  0  0  0  0  0
    4.0916   -4.4424    0.0000 N   0  0  0  0  0  0  0  0  0  0  0  0
    4.7438   -3.9296    0.0000 C   0  0  0  0  0  0  0  0  0  0  0  0
    5.5687   -3.9296    0.0000 C   0  0  1  0  0  0  0  0  0  0  0  0
    5.9813   -3.2151    0.0000 N   0  0  0  0  0  0  0  0  0  0  0  0
    6.8063   -3.2151    0.0000 C   0  0  0  0  0  0  0  0  0  0  0  0
    7.2188   -2.5005    0.0000 C   0  0  2  0  0  0  0  0  0  0  0  0
    6.8063   -1.7861    0.0000 N   0  0  0  0  0  0  0  0  0  0  0  0
    7.2188   -1.0716    0.0000 C   0  0  0  0  0  0  0  0  0  0  0  0
    5.9813    3.9296    0.0000 N   0  0  0  0  0  0  0  0  0  0  0  0
    5.5687    4.6441    0.0000 C   0  0  0  0  0  0  0  0  0  0  0  0
    3.5063    1.0716    0.0000 C   0  0  0  0  0  0  0  0  0  0  0  0
    3.0938    0.3572    0.0000 N   0  0  0  0  0  0  0  0  0  0  0  0
    4.7438    4.6441    0.0000 C   0  0  1  0  0  0  0  0  0  0  0  0
    4.3312    3.9296    0.0000 N   0  0  0  0  0  0  0  0  0  0  0  0
    3.5063    3.9296    0.0000 C   0  0  0  0  0  0  0  0  0  0  0  0
    3.0938    3.2151    0.0000 C   0  0  1  0  0  0  0  0  0  0  0  0
    3.5063    2.5006    0.0000 N   0  0  0  0  0  0  0  0  0  0  0  0
    3.0938    1.7862    0.0000 C   0  0  0  0  0  0  0  0  0  0  0  0
    3.5063   -0.3572    0.0000 C   0  0  0  0  0  0  0  0  0  0  0  0
    6.8063    3.9296    0.0000 C   0  0  1  0  0  0  0  0  0  0  0  0
    7.2188    3.2151    0.0000 C   0  0  0  0  0  0  0  0  0  0  0  0
    6.8063    2.5006    0.0000 N   0  0  0  0  0  0  0  0  0  0  0  0
    7.2188    1.7862    0.0000 C   0  0  2  0  0  0  0  0  0  0  0  0
    6.8063    1.0716    0.0000 C   0  0  0  0  0  0  0  0  0  0  0  0
    7.2188    0.3572    0.0000 N   0  0  0  0  0  0  0  0  0  0  0  0
    6.8063   -0.3572    0.0000 C   0  0  0  0  0  0  0  0  0  0  0  0
    3.5063   -3.2151    0.0000 C   0  0  0  0  0  0  0  0  0  0  0  0
    3.0938   -2.5005    0.0000 O   0  0  0  0  0  0  0  0  0  0  0  0
    3.5063   -1.7861    0.0000 C   0  0  2  0  0  0  0  0  0  0  0  0
    4.2170   -2.7964    0.0000 O   0  0  0  0  0  0  0  0  0  0  0  0
    4.6076   -3.1159    0.0000 O   0  0  0  0  0  0  0  0  0  0  0  0
    7.2188   -3.9296    0.0000 O   0  0  0  0  0  0  0  0  0  0  0  0
    8.0437   -1.0716    0.0000 O   0  0  0  0  0  0  0  0  0  0  0  0
    5.9813    1.0716    0.0000 O   0  0  0  0  0  0  0  0  0  0  0  0
    8.0437    3.2151    0.0000 O   0  0  0  0  0  0  0  0  0  0  0  0
    7.2188    4.6441    0.0000 C   0  0  0  0  0  0  0  0  0  0  0  0
    5.9813    5.3585    0.0000 O   0  0  0  0  0  0  0  0  0  0  0  0
    3.0938    4.6441    0.0000 O   0  0  0  0  0  0  0  0  0  0  0  0
    2.2687    3.2151    0.0000 C   0  0  0  0  0  0  0  0  0  0  0  0
    1.8562    3.9296    0.0000 C   0  0  0  0  0  0  0  0  0  0  0  0
    1.0312    3.9296    0.0000 C   0  0  0  0  0  0  0  0  0  0  0  0
    0.6187    4.6441    0.0000 N   0  0  0  0  0  0  0  0  0  0  0  0
    2.2687    1.7862    0.0000 O   0  0  0  0  0  0  0  0  0  0  0  0
    4.3312   -1.7861    0.0000 C   0  0  0  0  0  0  0  0  0  0  0  0
    2.2687    0.3572    0.0000 O   0  0  0  0  0  0  0  0  0  0  0  0
    0.6187   -1.0716    0.0000 C   0  0  0  0  0  0  0  0  0  0  0  0
    1.0312   -1.7861    0.0000 C   0  0  0  0  0  0  0  0  0  0  0  0
    0.6187   -2.5005    0.0000 O   0  0  0  0  0  0  0  0  0  0  0  0
    1.8562   -1.7861    0.0000 O   0  0  0  0  0  0  0  0  0  0  0  0
   -0.6187   -0.3572    0.0000 O   0  0  0  0  0  0  0  0  0  0  0  0
   -0.2062    1.7862    0.0000 C   0  0  0  0  0  0  0  0  0  0  0  0
    0.6187    1.7862    0.0000 C   0  0  0  0  0  0  0  0  0  0  0  0
    1.0312    2.5006    0.0000 O   0  0  0  0  0  0  0  0  0  0  0  0
    1.0312    1.0716    0.0000 N   0  0  0  0  0  0  0  0  0  0  0  0
   -1.4437    2.5006    0.0000 O   0  0  0  0  0  0  0  0  0  0  0  0
   -3.0938    1.0716    0.0000 C   0  0  0  0  0  0  0  0  0  0  0  0
   -4.3312    3.2151    0.0000 C   0  0  0  0  0  0  0  0  0  0  0  0
   -4.3312    1.7862    0.0000 O   0  0  0  0  0  0  0  0  0  0  0  0
   -2.6812    0.3572    0.0000 C   0  0  0  0  0  0  0  0  0  0  0  0
   -1.6891   -0.5360    0.0000 N   0  0  0  0  0  0  0  0  0  0  0  0
   -1.8607    0.2710    0.0000 C   0  0  0  0  0  0  0  0  0  0  0  0
   -2.4036   -0.9485    0.0000 C   0  0  0  0  0  0  0  0  0  0  0  0
   -3.0168   -0.3963    0.0000 C   0  0  0  0  0  0  0  0  0  0  0  0
   -3.8014   -0.6514    0.0000 C   0  0  0  0  0  0  0  0  0  0  0  0
   -3.9730   -1.4583    0.0000 C   0  0  0  0  0  0  0  0  0  0  0  0
   -3.3599   -2.0103    0.0000 C   0  0  0  0  0  0  0  0  0  0  0  0
   -2.5752   -1.7554    0.0000 C   0  0  0  0  0  0  0  0  0  0  0  0
   -5.1563    3.2151    0.0000 C   0  0  0  0  0  0  0  0  0  0  0  0
   -5.5687    3.9296    0.0000 C   0  0  0  0  0  0  0  0  0  0  0  0
   -6.3937    3.9296    0.0000 C   0  0  0  0  0  0  0  0  0  0  0  0
   -6.8063    4.6441    0.0000 C   0  0  0  0  0  0  0  0  0  0  0  0
   -7.6312    4.6441    0.0000 C   0  0  0  0  0  0  0  0  0  0  0  0
   -8.0437    5.3585    0.0000 C   0  0  0  0  0  0  0  0  0  0  0  0
   -8.8688    5.3585    0.0000 C   0  0  0  0  0  0  0  0  0  0  0  0
   -9.2813    6.0730    0.0000 C   0  0  0  0  0  0  0  0  0  0  0  0
    2.6626   -4.4424    0.0000 C   0  0  0  0  0  0  0  0  0  0  0  0
    1.9482   -4.0299    0.0000 C   0  0  0  0  0  0  0  0  0  0  0  0
    1.2338   -4.4424    0.0000 C   0  0  0  0  0  0  0  0  0  0  0  0
    1.9482   -3.2050    0.0000 O   0  0  0  0  0  0  0  0  0  0  0  0
    1.2338   -5.2675    0.0000 C   0  0  0  0  0  0  0  0  0  0  0  0
    0.5192   -5.6800    0.0000 C   0  0  0  0  0  0  0  0  0  0  0  0
   -0.1951   -5.2675    0.0000 C   0  0  0  0  0  0  0  0  0  0  0  0
   -0.1951   -4.4424    0.0000 C   0  0  0  0  0  0  0  0  0  0  0  0
    0.5192   -4.0299    0.0000 C   0  0  0  0  0  0  0  0  0  0  0  0
    5.9813   -4.6441    0.0000 C   0  0  1  0  0  0  0  0  0  0  0  0
    0.5192   -3.2050    0.0000 N   0  0  0  0  0  0  0  0  0  0  0  0
    4.3312   -0.3572    0.0000 O   0  0  0  0  0  0  0  0  0  0  0  0
    4.3312    5.3585    0.0000 C   0  0  0  0  0  0  0  0  0  0  0  0
    4.7438    6.0730    0.0000 C   0  0  0  0  0  0  0  0  0  0  0  0
    5.5687    6.0730    0.0000 O   0  0  0  0  0  0  0  0  0  0  0  0
    4.3312    6.7875    0.0000 O   0  0  0  0  0  0  0  0  0  0  0  0
    8.0437   -2.5005    0.0000 C   0  0  0  0  0  0  0  0  0  0  0  0
    8.4563   -3.2151    0.0000 O   0  0  0  0  0  0  0  0  0  0  0  0
    5.5687   -5.3584    0.0000 C   0  0  0  0  0  0  0  0  0  0  0  0
    6.8063   -4.6441    0.0000 C   0  0  0  0  0  0  0  0  0  0  0  0
    5.9813   -6.0729    0.0000 C   0  0  0  0  0  0  0  0  0  0  0  0
    5.5687   -6.7875    0.0000 O   0  0  0  0  0  0  0  0  0  0  0  0
    6.8063   -6.0729    0.0000 O   0  0  0  0  0  0  0  0  0  0  0  0
 32 55  2  0  0  0  0
 17 18  1  0  0  0  0
 33 56  1  1  0  0  0
 33 34  1  0  0  0  0
 56 57  1  0  0  0  0
 34 35  1  0  0  0  0
 57 58  1  0  0  0  0
 33 32  1  0  0  0  0
 58 59  1  0  0  0  0
 35 28  1  0  0  0  0
 35 60  2  0  0  0  0
 30 27  1  0  0  0  0
 18 19  1  0  0  0  0
 46 61  1  1  0  0  0
 29 36  1  0  0  0  0
 10 62  2  0  0  0  0
  9 10  1  0  0  0  0
  9 63  1  0  0  0  0
 26 37  1  0  0  0  0
 63 64  1  0  0  0  0
  3  2  1  6  0  0  0
 64 65  2  0  0  0  0
 37 38  1  0  0  0  0
 64 66  1  0  0  0  0
 10 11  1  0  0  0  0
  7 67  2  0  0  0  0
 38 39  1  0  0  0  0
  6 68  1  0  0  0  0
 20 21  1  1  0  0  0
 68 69  1  0  0  0  0
 39 40  1  0  0  0  0
 69 70  2  0  0  0  0
 21 22  1  0  0  0  0
 69 71  1  0  0  0  0
 40 41  1  0  0  0  0
  4 72  2  0  0  0  0
  6  5  1  6  0  0  0
  3 73  1  0  0  0  0
 41 42  1  0  0  0  0
  1 74  1  0  0  0  0
 12 11  1  6  0  0  0
  1 75  2  0  0  0  0
 42 43  1  0  0  0  0
 73 76  1  0  0  0  0
 43 25  1  0  0  0  0
 23 22  1  0  0  0  0
 76 80  1  0  0  0  0
 79 77  1  0  0  0  0
 77 78  1  0  0  0  0
 78 76  2  0  0  0  0
 20 19  1  0  0  0  0
  1  2  1  0  0  0  0
 17 44  1  0  0  0  0
 23 24  1  0  0  0  0
 44 45  1  0  0  0  0
 24 25  1  0  0  0  0
 79 80  2  0  0  0  0
 80 81  1  0  0  0  0
 81 82  2  0  0  0  0
 82 83  1  0  0  0  0
 83 84  2  0  0  0  0
 84 79  1  0  0  0  0
 45 46  1  0  0  0  0
 74 85  1  0  0  0  0
 46 12  1  0  0  0  0
 85 86  1  0  0  0  0
 12 36  1  0  0  0  0
 86 87  1  0  0  0  0
  6  7  1  0  0  0  0
 87 88  1  0  0  0  0
 44 47  2  0  0  0  0
 88 89  1  0  0  0  0
 13 14  2  0  0  0  0
 89 90  1  0  0  0  0
 19 48  2  0  0  0  0
 90 91  1  0  0  0  0
 26 27  1  0  0  0  0
 91 92  1  0  0  0  0
 22 49  2  0  0  0  0
 17 93  1  1  0  0  0
  3  4  1  0  0  0  0
 93 94  1  0  0  0  0
 25 50  2  0  0  0  0
 94 95  1  0  0  0  0
 14 15  1  0  0  0  0
 94 96  2  0  0  0  0
 41 51  2  0  0  0  0
 40 16  1  1  0  0  0
 28 29  1  0  0  0  0
 38 52  2  0  0  0  0
  7  8  1  0  0  0  0
 95 97  2  0  0  0  0
 97 98  1  0  0  0  0
 98 99  2  0  0  0  0
 99100  1  0  0  0  0
100101  2  0  0  0  0
101 95  1  0  0  0  0
 37 53  1  6  0  0  0
 20102  1  0  0  0  0
 14 16  1  0  0  0  0
 27 54  2  0  0  0  0
 30 31  1  0  0  0  0
 31 32  1  0  0  0  0
101103  1  0  0  0  0
  9  8  1  6  0  0  0
  4  5  1  0  0  0  0
 36104  2  0  0  0  0
 30105  1  1  0  0  0
105106  1  0  0  0  0
106107  1  0  0  0  0
106108  2  0  0  0  0
 23109  1  6  0  0  0
109110  1  0  0  0  0
102111  1  0  0  0  0
102112  1  6  0  0  0
111113  1  0  0  0  0
113114  2  0  0  0  0
113115  1  0  0  0  0
M  END
