
  Mrv0541 04191212132D          

 34 37  0  0  1  0            999 V2000
    9.1461   -3.4366    0.0000 C   0  0  0  0  0  0  0  0  0  0  0  0
    7.7172   -5.9117    0.0000 N   0  0  0  0  0  0  0  0  0  0  0  0
    7.0027   -4.6741    0.0000 C   0  0  2  0  0  0  0  0  0  0  0  0
    7.0027   -3.8491    0.0000 C   0  0  2  0  0  0  0  0  0  0  0  0
    7.7172   -5.0866    0.0000 C   0  0  1  0  0  0  0  0  0  0  0  0
    6.2882   -5.0866    0.0000 C   0  0  0  0  0  0  0  0  0  0  0  0
    6.2882   -3.4366    0.0000 C   0  0  0  0  0  0  0  0  0  0  0  0
    7.7172   -3.4366    0.0000 C   0  0  0  0  0  0  0  0  0  0  0  0
    7.0027   -3.0241    0.0000 O   0  0  0  0  0  0  0  0  0  0  0  0
    8.4316   -4.6741    0.0000 C   0  0  0  0  0  0  0  0  0  0  0  0
    5.5737   -4.6741    0.0000 C   0  0  1  0  0  0  0  0  0  0  0  0
    5.5737   -3.8491    0.0000 C   0  0  0  0  0  0  0  0  0  0  0  0
    6.2882   -2.6116    0.0000 O   0  0  0  0  0  0  0  0  0  0  0  0
    8.4316   -3.8491    0.0000 C   0  0  0  0  0  0  0  0  0  0  0  0
    7.7172   -2.6116    0.0000 O   0  0  0  0  0  0  0  0  0  0  0  0
    9.1461   -5.0866    0.0000 O   0  0  0  0  0  0  0  0  0  0  0  0
    4.8592   -5.0866    0.0000 C   0  0  1  0  0  0  0  0  0  0  0  0
    4.8592   -3.4366    0.0000 C   0  0  0  0  0  0  0  0  0  0  0  0
    4.1447   -4.6741    0.0000 C   0  0  0  0  0  0  0  0  0  0  0  0
    4.8592   -5.9117    0.0000 O   0  0  0  0  0  0  0  0  0  0  0  0
    4.1447   -3.8491    0.0000 C   0  0  0  0  0  0  0  0  0  0  0  0
    4.8592   -2.6116    0.0000 O   0  0  0  0  0  0  0  0  0  0  0  0
    3.4303   -5.0866    0.0000 C   0  0  0  0  0  0  0  0  0  0  0  0
    3.4303   -3.4366    0.0000 C   0  0  0  0  0  0  0  0  0  0  0  0
    2.7158   -4.6741    0.0000 C   0  0  0  0  0  0  0  0  0  0  0  0
    3.4303   -5.9117    0.0000 Cl  0  0  0  0  0  0  0  0  0  0  0  0
    2.7158   -3.8491    0.0000 C   0  0  0  0  0  0  0  0  0  0  0  0
    3.4303   -2.6116    0.0000 O   0  0  0  0  0  0  0  0  0  0  0  0
    7.0027   -5.4992    0.0000 H   0  0  0  0  0  0  0  0  0  0  0  0
    5.5737   -5.4992    0.0000 H   0  0  0  0  0  0  0  0  0  0  0  0
    8.4316   -6.3242    0.0000 C   0  0  0  0  0  0  0  0  0  0  0  0
    7.0027   -6.3242    0.0000 C   0  0  0  0  0  0  0  0  0  0  0  0
    9.1461   -2.6116    0.0000 O   0  0  0  0  0  0  0  0  0  0  0  0
    9.8606   -3.8491    0.0000 N   0  0  0  0  0  0  0  0  0  0  0  0
 12 18  1  0  0  0  0
 17 19  1  0  0  0  0
 17 20  1  6  0  0  0
 18 21  1  0  0  0  0
 18 22  2  0  0  0  0
 19 23  1  0  0  0  0
 21 24  1  0  0  0  0
 23 25  2  0  0  0  0
 23 26  1  0  0  0  0
 24 27  2  0  0  0  0
 24 28  1  0  0  0  0
 10 14  2  0  0  0  0
 11 12  1  0  0  0  0
 19 21  2  0  0  0  0
 25 27  1  0  0  0  0
  3 29  1  1  0  0  0
 11 30  1  1  0  0  0
  3  4  1  0  0  0  0
  3  5  1  0  0  0  0
  3  6  1  0  0  0  0
  4  7  1  0  0  0  0
  4  8  1  0  0  0  0
  4  9  1  1  0  0  0
  5 10  1  0  0  0  0
  6 11  1  0  0  0  0
  7 12  2  0  0  0  0
  7 13  1  0  0  0  0
  8 14  1  0  0  0  0
  8 15  2  0  0  0  0
 10 16  1  0  0  0  0
 11 17  1  0  0  0  0
  5  2  1  1  0  0  0
 14  1  1  0  0  0  0
  2 31  1  0  0  0  0
  2 32  1  0  0  0  0
  1 33  2  0  0  0  0
  1 34  1  0  0  0  0
M  END
