
  Mrv1909 10301919022D          

 74 77  0  0  0  0            999 V2000
   -6.7413   -3.5054    0.0000 N   0  0  0  0  0  0  0  0  0  0  0  0
   -6.0670   -3.1010    0.0000 C   0  0  0  0  0  0  0  0  0  0  0  0
   -5.3480   -3.5054    0.0000 C   0  0  0  0  0  0  0  0  0  0  0  0
   -4.6289   -3.1010    0.0000 N   0  0  0  0  0  0  0  0  0  0  0  0
   -3.9099   -3.5054    0.0000 C   0  0  0  0  0  0  0  0  0  0  0  0
   -3.1908   -3.1010    0.0000 C   0  0  2  0  0  0  0  0  0  0  0  0
   -2.4718   -3.5054    0.0000 N   0  0  0  0  0  0  0  0  0  0  0  0
   -1.7976   -3.1010    0.0000 C   0  0  0  0  0  0  0  0  0  0  0  0
   -1.0785   -3.5054    0.0000 O   0  0  0  0  0  0  0  0  0  0  0  0
   -6.0670   -2.2920    0.0000 O   0  0  0  0  0  0  0  0  0  0  0  0
   -3.9099   -4.3593    0.0000 O   0  0  0  0  0  0  0  0  0  0  0  0
   -3.1908   -2.2920    0.0000 C   0  0  0  0  0  0  0  0  0  0  0  0
   -3.9099   -1.8874    0.0000 C   0  0  0  0  0  0  0  0  0  0  0  0
   -3.9099   -1.0786    0.0000 C   0  0  0  0  0  0  0  0  0  0  0  0
   -4.6289   -0.6740    0.0000 N   0  0  0  0  0  0  0  0  0  0  0  0
   -1.7976   -2.2920    0.0000 C   0  0  2  0  0  0  0  0  0  0  0  0
   -2.4268   -1.7976    0.0000 C   0  0  0  0  0  0  0  0  0  0  0  0
   -1.1234   -1.7976    0.0000 N   0  0  0  0  0  0  0  0  0  0  0  0
   -2.2021   -1.0337    0.0000 C   0  0  0  0  0  0  0  0  0  0  0  0
   -1.3931   -1.0337    0.0000 C   0  0  0  0  0  0  0  0  0  0  0  0
   -0.4044   -2.2021    0.0000 C   0  0  0  0  0  0  0  0  0  0  0  0
    0.3146   -1.7976    0.0000 C   0  0  1  0  0  0  0  0  0  0  0  0
    1.0337   -2.2021    0.0000 N   0  0  0  0  0  0  0  0  0  0  0  0
    1.7078   -1.7976    0.0000 C   0  0  0  0  0  0  0  0  0  0  0  0
    2.4269   -2.2021    0.0000 C   0  0  1  0  0  0  0  0  0  0  0  0
    3.1460   -1.7976    0.0000 N   0  0  0  0  0  0  0  0  0  0  0  0
   -0.4044   -3.0560    0.0000 O   0  0  0  0  0  0  0  0  0  0  0  0
    0.3146   -0.9887    0.0000 C   0  0  0  0  0  0  0  0  0  0  0  0
   -0.4044   -0.5842    0.0000 S   0  0  0  0  0  0  0  0  0  0  0  0
   -0.4044    0.2246    0.0000 S   0  0  0  0  0  0  0  0  0  0  0  0
    1.7078   -0.9887    0.0000 O   0  0  0  0  0  0  0  0  0  0  0  0
    2.4269   -3.0560    0.0000 C   0  0  0  0  0  0  0  0  0  0  0  0
    3.1460   -3.4605    0.0000 C   0  0  0  0  0  0  0  0  0  0  0  0
    3.1460   -4.2694    0.0000 O   0  0  0  0  0  0  0  0  0  0  0  0
    3.8650   -3.0560    0.0000 N   0  0  0  0  0  0  0  0  0  0  0  0
    3.1460   -0.9887    0.0000 C   0  0  0  0  0  0  0  0  0  0  0  0
    3.8650   -0.5842    0.0000 C   0  0  2  0  0  0  0  0  0  0  0  0
    2.4269   -0.5842    0.0000 O   0  0  0  0  0  0  0  0  0  0  0  0
    4.5840   -0.9887    0.0000 C   0  0  0  0  0  0  0  0  0  0  0  0
    5.3032   -0.5842    0.0000 C   0  0  0  0  0  0  0  0  0  0  0  0
    6.0222   -0.9887    0.0000 C   0  0  0  0  0  0  0  0  0  0  0  0
    6.7413   -0.5842    0.0000 N   0  0  0  0  0  0  0  0  0  0  0  0
    6.0222   -1.8426    0.0000 O   0  0  0  0  0  0  0  0  0  0  0  0
    3.8650    0.2246    0.0000 N   0  0  0  0  0  0  0  0  0  0  0  0
    4.5840    1.4831    0.0000 C   0  0  0  0  0  0  0  0  0  0  0  0
    4.5840    0.6291    0.0000 C   0  0  0  0  0  0  0  0  0  0  0  0
    3.8650    1.8874    0.0000 C   0  0  0  0  0  0  0  0  0  0  0  0
    3.1460    1.4831    0.0000 C   0  0  1  0  0  0  0  0  0  0  0  0
    3.1460    0.6291    0.0000 C   0  0  0  0  0  0  0  0  0  0  0  0
    6.0222    1.4831    0.0000 C   0  0  0  0  0  0  0  0  0  0  0  0
    6.0222    0.6291    0.0000 C   0  0  0  0  0  0  0  0  0  0  0  0
    5.3032    1.8874    0.0000 C   0  0  0  0  0  0  0  0  0  0  0  0
    5.3032    0.2246    0.0000 C   0  0  0  0  0  0  0  0  0  0  0  0
    0.3146    1.4831    0.0000 N   0  0  0  0  0  0  0  0  0  0  0  0
   -0.4044    1.8874    0.0000 C   0  0  0  0  0  0  0  0  0  0  0  0
   -1.1234    1.4831    0.0000 C   0  0  0  0  0  0  0  0  0  0  0  0
   -1.1234    0.6291    0.0000 C   0  0  0  0  0  0  0  0  0  0  0  0
    1.7078    1.4831    0.0000 C   0  0  0  0  0  0  0  0  0  0  0  0
    1.7078    0.6291    0.0000 O   0  0  0  0  0  0  0  0  0  0  0  0
    1.0337    1.8874    0.0000 C   0  0  2  0  0  0  0  0  0  0  0  0
    2.4269    1.8874    0.0000 N   0  0  0  0  0  0  0  0  0  0  0  0
    2.4269    0.2246    0.0000 O   0  0  0  0  0  0  0  0  0  0  0  0
    1.0337    2.6964    0.0000 C   0  0  0  0  0  0  0  0  0  0  0  0
    2.4269    2.6964    0.0000 C   0  0  0  0  0  0  0  0  0  0  0  0
    1.7078    3.1009    0.0000 C   0  0  0  0  0  0  0  0  0  0  0  0
    3.1460    3.1009    0.0000 C   0  0  0  0  0  0  0  0  0  0  0  0
    3.1460    3.9548    0.0000 C   0  0  0  0  0  0  0  0  0  0  0  0
    1.7078    3.9548    0.0000 C   0  0  0  0  0  0  0  0  0  0  0  0
    2.4269    4.3593    0.0000 C   0  0  0  0  0  0  0  0  0  0  0  0
   -0.4044    2.6964    0.0000 O   0  0  0  0  0  0  0  0  0  0  0  0
    3.8650    4.3593    0.0000 O   0  0  0  0  0  0  0  0  0  0  0  0
   -5.3480   -1.0786    0.0000 C   0  0  0  0  0  0  0  0  0  0  0  0
   -5.3480   -1.8874    0.0000 N   0  0  0  0  0  0  0  0  0  0  0  0
   -6.0670   -0.6740    0.0000 N   0  0  0  0  0  0  0  0  0  0  0  0
  2  1  1  0  0  0  0
  3  2  1  0  0  0  0
 10  2  2  0  0  0  0
  4  3  1  0  0  0  0
  5  4  1  0  0  0  0
  6  5  1  0  0  0  0
 11  5  2  0  0  0  0
  7  6  1  0  0  0  0
  6 12  1  1  0  0  0
  8  7  1  0  0  0  0
  9  8  2  0  0  0  0
 16  8  1  6  0  0  0
 13 12  1  0  0  0  0
 14 13  1  0  0  0  0
 15 14  1  0  0  0  0
 72 15  1  0  0  0  0
 17 16  1  0  0  0  0
 18 16  1  0  0  0  0
 19 17  1  0  0  0  0
 20 18  1  0  0  0  0
 21 18  1  0  0  0  0
 20 19  1  0  0  0  0
 22 21  1  6  0  0  0
 27 21  2  0  0  0  0
 23 22  1  0  0  0  0
 28 22  1  0  0  0  0
 24 23  1  0  0  0  0
 25 24  1  0  0  0  0
 31 24  2  0  0  0  0
 26 25  1  0  0  0  0
 25 32  1  1  0  0  0
 36 26  1  0  0  0  0
 29 28  1  0  0  0  0
 30 29  1  0  0  0  0
 57 30  1  0  0  0  0
 33 32  1  0  0  0  0
 34 33  2  0  0  0  0
 35 33  1  0  0  0  0
 37 36  1  0  0  0  0
 38 36  2  0  0  0  0
 37 39  1  1  0  0  0
 44 37  1  0  0  0  0
 40 39  1  0  0  0  0
 41 40  1  0  0  0  0
 42 41  1  0  0  0  0
 43 41  2  0  0  0  0
 49 44  1  0  0  0  0
 47 45  1  0  0  0  0
 52 45  1  0  0  0  0
 46 45  2  0  0  0  0
 53 46  1  0  0  0  0
 48 47  1  1  0  0  0
 61 48  1  0  0  0  0
 49 48  1  0  0  0  0
 62 49  2  0  0  0  0
 51 50  1  0  0  0  0
 52 50  2  0  0  0  0
 53 51  2  0  0  0  0
 55 54  1  0  0  0  0
 60 54  1  0  0  0  0
 56 55  1  0  0  0  0
 70 55  2  0  0  0  0
 57 56  1  0  0  0  0
 59 58  2  0  0  0  0
 60 58  1  0  0  0  0
 61 58  1  0  0  0  0
 60 63  1  1  0  0  0
 65 63  1  0  0  0  0
 66 64  2  0  0  0  0
 65 64  1  0  0  0  0
 68 65  2  0  0  0  0
 67 66  1  0  0  0  0
 69 67  2  0  0  0  0
 71 67  1  0  0  0  0
 69 68  1  0  0  0  0
 73 72  2  0  0  0  0
 74 72  1  0  0  0  0
M  END
