
  Mrv0541 02231217582D          

 30 30  0  0  1  0            999 V2000
    1.6500   -3.5063    0.0000 Cl  0  0  0  0  0  0  0  0  0  0  0  0
    3.0791   -4.3313    0.0000 Cl  0  0  0  0  0  0  0  0  0  0  0  0
    5.2224    0.2063    0.0000 O   0  0  0  0  0  0  0  0  0  0  0  0
    3.0791    3.9188    0.0000 O   0  0  0  0  0  0  0  0  0  0  0  0
    2.3645   -0.6188    0.0000 O   0  0  0  0  0  0  0  0  0  0  0  0
    2.3645    2.6813    0.0000 O   0  0  0  0  0  0  0  0  0  0  0  0
    1.6500    1.4438    0.0000 O   0  0  0  0  0  0  0  0  0  0  0  0
    4.5080    1.4438    0.0000 N   0  0  0  0  0  0  0  0  0  0  0  0
    3.7935   -0.6188    0.0000 N   0  0  0  0  0  0  0  0  0  0  0  0
    5.2224    1.8563    0.0000 C   0  0  0  0  0  0  0  0  0  0  0  0
    3.7935    0.2063    0.0000 C   0  0  1  0  0  0  0  0  0  0  0  0
    5.2224    2.6813    0.0000 C   0  0  0  0  0  0  0  0  0  0  0  0
    3.7935    1.8563    0.0000 C   0  0  0  0  0  0  0  0  0  0  0  0
    4.5080    0.6188    0.0000 C   0  0  0  0  0  0  0  0  0  0  0  0
    3.0791    0.6188    0.0000 C   0  0  0  0  0  0  0  0  0  0  0  0
    5.9370    3.0938    0.0000 C   0  0  0  0  0  0  0  0  0  0  0  0
    3.7935    2.6813    0.0000 C   0  0  0  0  0  0  0  0  0  0  0  0
    5.9370    3.9188    0.0000 C   0  0  0  0  0  0  0  0  0  0  0  0
    3.0791    1.4438    0.0000 C   0  0  0  0  0  0  0  0  0  0  0  0
    3.0791    3.0938    0.0000 C   0  0  0  0  0  0  0  0  0  0  0  0
    6.6515    4.3313    0.0000 C   0  0  0  0  0  0  0  0  0  0  0  0
    3.0791   -1.0313    0.0000 C   0  0  0  0  0  0  0  0  0  0  0  0
    2.3645    1.8563    0.0000 C   0  0  0  0  0  0  0  0  0  0  0  0
    3.0791   -1.8563    0.0000 C   0  0  0  0  0  0  0  0  0  0  0  0
    2.3645   -2.2688    0.0000 C   0  0  0  0  0  0  0  0  0  0  0  0
    3.7935   -2.2688    0.0000 C   0  0  0  0  0  0  0  0  0  0  0  0
    2.3645    4.3313    0.0000 C   0  0  0  0  0  0  0  0  0  0  0  0
    2.3645   -3.0938    0.0000 C   0  0  0  0  0  0  0  0  0  0  0  0
    3.7935   -3.0938    0.0000 C   0  0  0  0  0  0  0  0  0  0  0  0
    3.0791   -3.5063    0.0000 C   0  0  0  0  0  0  0  0  0  0  0  0
  1 28  1  0  0  0  0
  2 30  1  0  0  0  0
  3 14  2  0  0  0  0
  4 20  1  0  0  0  0
  4 27  1  0  0  0  0
  5 22  2  0  0  0  0
  6 23  1  0  0  0  0
  7 23  2  0  0  0  0
  8 10  1  0  0  0  0
  8 13  1  0  0  0  0
  8 14  1  0  0  0  0
 11  9  1  6  0  0  0
  9 22  1  0  0  0  0
 10 12  1  0  0  0  0
 11 14  1  0  0  0  0
 11 15  1  0  0  0  0
 12 16  1  0  0  0  0
 13 17  1  0  0  0  0
 15 19  1  0  0  0  0
 16 18  1  0  0  0  0
 17 20  1  0  0  0  0
 18 21  1  0  0  0  0
 19 23  1  0  0  0  0
 22 24  1  0  0  0  0
 24 25  2  0  0  0  0
 24 26  1  0  0  0  0
 25 28  1  0  0  0  0
 26 29  2  0  0  0  0
 28 30  2  0  0  0  0
 29 30  1  0  0  0  0
M  END
