
  Mrv0541 05041404392D          

 16 15  0  0  1  0            999 V2000
    0.5230    1.1270    0.0000 C   0  0  0  0  0  0  0  0  0  0  0  0
    4.0954    0.7145    0.0000 C   0  0  0  0  0  0  0  0  0  0  0  0
    1.2375    0.7145    0.0000 C   0  0  1  0  0  0  0  0  0  0  0  0
    3.3809    1.1270    0.0000 C   0  0  2  0  0  0  0  0  0  0  0  0
    1.9520    1.1270    0.0000 C   0  0  2  0  0  0  0  0  0  0  0  0
    2.6664    0.7145    0.0000 C   0  0  2  0  0  0  0  0  0  0  0  0
   -0.1914    0.7145    0.0000 O   0  0  0  0  0  0  0  0  0  0  0  0
    4.8099    1.1270    0.0000 O   0  0  0  0  0  0  0  0  0  0  0  0
    1.2375   -0.1105    0.0000 O   0  0  0  0  0  0  0  0  0  0  0  0
    3.3809    1.9520    0.0000 O   0  0  0  0  0  0  0  0  0  0  0  0
    1.9520    1.9520    0.0000 O   0  0  0  0  0  0  0  0  0  0  0  0
    2.6664   -0.1105    0.0000 O   0  0  0  0  0  0  0  0  0  0  0  0
    1.2375    1.5395    0.0000 H   0  0  0  0  0  0  0  0  0  0  0  0
    3.3809    0.3020    0.0000 H   0  0  0  0  0  0  0  0  0  0  0  0
    1.9520    0.3020    0.0000 H   0  0  0  0  0  0  0  0  0  0  0  0
    2.6664    1.5395    0.0000 H   0  0  0  0  0  0  0  0  0  0  0  0
  3  1  1  0  0  0  0
  4  2  1  0  0  0  0
  5  3  1  0  0  0  0
  6  4  1  0  0  0  0
  6  5  1  0  0  0  0
  7  1  2  0  0  0  0
  8  2  1  0  0  0  0
  3  9  1  6  0  0  0
  4 10  1  1  0  0  0
  5 11  1  6  0  0  0
  6 12  1  6  0  0  0
  3 13  1  6  0  0  0
  4 14  1  1  0  0  0
  5 15  1  6  0  0  0
  6 16  1  6  0  0  0
M  END
