
  Mrv1718011231813022D          

 28 32  0  0  0  0            999 V2000
    0.0852   -0.4124    0.0000 C   0  0  1  0  0  0  0  0  0  0  0  0
    0.0852    0.4125    0.0000 C   0  0  0  0  0  0  0  0  0  0  0  0
   -0.6453    0.8367    0.0000 C   0  0  0  0  0  0  0  0  0  0  0  0
   -0.5981   -0.8367    0.0000 C   0  0  1  0  0  0  0  0  0  0  0  0
    0.7923   -0.8131    0.0000 C   0  0  2  0  0  0  0  0  0  0  0  0
   -1.1168    0.0354    0.0000 O   0  0  0  0  0  0  0  0  0  0  0  0
    1.5230   -0.4124    0.0000 C   0  0  1  0  0  0  0  0  0  0  0  0
    0.7923    0.8367    0.0000 C   0  0  0  0  0  0  0  0  0  0  0  0
    0.7923   -1.6381    0.0000 C   0  0  0  0  0  0  0  0  0  0  0  0
    1.5230    0.4361    0.0000 C   0  0  0  0  0  0  0  0  0  0  0  0
    2.4099   -0.7340    0.0000 N   0  0  0  0  0  0  0  0  0  0  0  0
   -0.5981   -1.6617    0.0000 C   0  0  2  0  0  0  0  0  0  0  0  0
   -0.6453    1.6618    0.0000 C   0  0  0  0  0  0  0  0  0  0  0  0
    0.1088   -2.0624    0.0000 C   0  0  0  0  0  0  0  0  0  0  0  0
    0.6111    0.2369    0.0000 C   0  0  0  0  0  0  0  0  0  0  0  0
   -1.3524    2.0860    0.0000 O   0  0  0  0  0  0  0  0  0  0  0  0
   -1.3053   -2.0860    0.0000 O   0  0  0  0  0  0  0  0  0  0  0  0
    2.4134    0.2290    0.0000 C   0  0  0  0  0  0  0  0  0  0  0  0
    0.7923    1.6618    0.0000 C   0  0  0  0  0  0  0  0  0  0  0  0
    0.1088    2.0625    0.0000 C   0  0  0  0  0  0  0  0  0  0  0  0
    2.7813   -1.4914    0.0000 C   0  0  0  0  0  0  0  0  0  0  0  0
    1.3663   -1.5107    0.0000 H   0  0  0  0  0  0  0  0  0  0  0  0
   -2.0669    1.6734    0.0000 C   0  0  0  0  0  0  0  0  0  0  0  0
   -2.7813    2.0860    0.0000 C   0  0  0  0  0  0  0  0  0  0  0  0
   -2.0669    0.8485    0.0000 O   0  0  0  0  0  0  0  0  0  0  0  0
   -2.0198   -1.6735    0.0000 C   0  0  0  0  0  0  0  0  0  0  0  0
   -2.7342   -2.0860    0.0000 C   0  0  0  0  0  0  0  0  0  0  0  0
   -2.0198   -0.8485    0.0000 O   0  0  0  0  0  0  0  0  0  0  0  0
  2  1  1  0  0  0  0
  4  1  1  0  0  0  0
  5  1  1  0  0  0  0
  1 15  1  1  0  0  0
  3  2  1  0  0  0  0
  8  2  2  0  0  0  0
 13  3  2  0  0  0  0
  6  3  1  0  0  0  0
  4  6  1  6  0  0  0
 12  4  1  0  0  0  0
  7  5  1  0  0  0  0
  9  5  1  0  0  0  0
  5 22  1  1  0  0  0
 10  7  1  0  0  0  0
  7 11  1  1  0  0  0
 19  8  1  0  0  0  0
 10  8  1  0  0  0  0
 14  9  2  0  0  0  0
 18 11  1  0  0  0  0
 21 11  1  0  0  0  0
 12 17  1  6  0  0  0
 14 12  1  0  0  0  0
 16 13  1  0  0  0  0
 20 13  1  0  0  0  0
 18 15  1  0  0  0  0
 20 19  2  0  0  0  0
 16 23  1  0  0  0  0
 23 24  1  0  0  0  0
 23 25  2  0  0  0  0
 17 26  1  0  0  0  0
 26 27  1  0  0  0  0
 26 28  2  0  0  0  0
M  END
