
  Mrv1718012131821422D          

 58 65  0  0  0  0            999 V2000
    2.6668   -0.7509    0.0000 C   0  0  0  0  0  0  0  0  0  0  0  0
    1.9525   -1.1634    0.0000 C   0  0  0  0  0  0  0  0  0  0  0  0
    2.6668   -2.4009    0.0000 C   0  0  0  0  0  0  0  0  0  0  0  0
    4.0958   -2.4009    0.0000 C   0  0  0  0  0  0  0  0  0  0  0  0
    4.8102   -1.9884    0.0000 C   0  0  0  0  0  0  0  0  0  0  0  0
    4.0958    0.0740    0.0000 C   0  0  0  0  0  0  0  0  0  0  0  0
    6.3093   -1.0058    0.0000 C   0  0  0  0  0  0  0  0  0  0  0  0
    1.9525   -1.9884    0.0000 C   0  0  1  0  0  0  0  0  0  0  0  0
    3.3814   -1.9884    0.0000 C   0  0  1  0  0  0  0  0  0  0  0  0
    3.3814   -2.8134    0.0000 H   0  0  0  0  0  0  0  0  0  0  0  0
    3.3814   -1.1634    0.0000 C   0  0  2  0  0  0  0  0  0  0  0  0
    3.3814   -0.3384    0.0000 C   0  0  0  0  0  0  0  0  0  0  0  0
    4.0958   -0.7509    0.0000 C   0  0  2  0  0  0  0  0  0  0  0  0
    4.0958   -1.5759    0.0000 H   0  0  0  0  0  0  0  0  0  0  0  0
    5.5247   -0.7509    0.0000 C   0  0  1  0  0  0  0  0  0  0  0  0
    5.5247   -1.5759    0.0000 O   0  0  0  0  0  0  0  0  0  0  0  0
    4.8102    0.4865    0.0000 C   0  0  0  0  0  0  0  0  0  0  0  0
    5.5247    0.0740    0.0000 C   0  0  1  0  0  0  0  0  0  0  0  0
    5.5247    0.8990    0.0000 C   0  0  0  0  0  0  0  0  0  0  0  0
    7.3139    1.3601    0.0000 C   0  0  0  0  0  0  0  0  0  0  0  0
    6.0556    1.8058    0.0000 C   0  0  0  0  0  0  0  0  0  0  0  0
    6.5230    1.1259    0.0000 C   0  0  0  0  0  0  0  0  0  0  0  0
    7.3356    2.1848    0.0000 O   0  0  0  0  0  0  0  0  0  0  0  0
    6.5579    2.4603    0.0000 C   0  0  0  0  0  0  0  0  0  0  0  0
    6.2820    3.2259    0.0000 O   0  0  0  0  0  0  0  0  0  0  0  0
    6.3093    0.3290    0.0000 C   0  0  1  0  0  0  0  0  0  0  0  0
    7.1062    0.5425    0.0000 H   0  0  0  0  0  0  0  0  0  0  0  0
    4.8102   -1.1634    0.0000 C   0  0  2  0  0  0  0  0  0  0  0  0
    4.8102   -0.3384    0.0000 H   0  0  0  0  0  0  0  0  0  0  0  0
    6.7942   -0.3384    0.0000 C   0  0  0  0  0  0  0  0  0  0  0  0
    1.2379   -2.4009    0.0000 O   0  0  0  0  0  0  0  0  0  0  0  0
    0.5234   -1.9884    0.0000 C   0  0  2  0  0  0  0  0  0  0  0  0
    0.5234   -1.1634    0.0000 O   0  0  0  0  0  0  0  0  0  0  0  0
   -0.1909   -2.4009    0.0000 C   0  0  0  0  0  0  0  0  0  0  0  0
   -0.1909   -0.7509    0.0000 C   0  0  2  0  0  0  0  0  0  0  0  0
   -0.1909    0.0740    0.0000 C   0  0  0  0  0  0  0  0  0  0  0  0
   -0.9054   -1.9884    0.0000 C   0  0  2  0  0  0  0  0  0  0  0  0
   -1.6199   -2.4009    0.0000 O   0  0  0  0  0  0  0  0  0  0  0  0
   -0.9054   -1.1634    0.0000 C   0  0  2  0  0  0  0  0  0  0  0  0
   -1.6199   -0.7509    0.0000 O   0  0  0  0  0  0  0  0  0  0  0  0
   -2.3343   -1.1634    0.0000 C   0  0  1  0  0  0  0  0  0  0  0  0
   -3.0488   -0.7509    0.0000 C   0  0  0  0  0  0  0  0  0  0  0  0
   -2.3343   -1.9884    0.0000 O   0  0  0  0  0  0  0  0  0  0  0  0
   -3.0488   -2.4009    0.0000 C   0  0  2  0  0  0  0  0  0  0  0  0
   -3.0488   -3.2259    0.0000 C   0  0  0  0  0  0  0  0  0  0  0  0
   -3.7633   -1.1634    0.0000 C   0  0  2  0  0  0  0  0  0  0  0  0
   -4.4777   -0.7509    0.0000 O   0  0  0  0  0  0  0  0  0  0  0  0
   -3.7633   -1.9884    0.0000 C   0  0  2  0  0  0  0  0  0  0  0  0
   -4.4777   -2.4009    0.0000 O   0  0  0  0  0  0  0  0  0  0  0  0
   -5.1922   -1.9884    0.0000 C   0  0  1  0  0  0  0  0  0  0  0  0
   -5.9067   -2.4009    0.0000 C   0  0  0  0  0  0  0  0  0  0  0  0
   -5.1922   -1.1634    0.0000 O   0  0  0  0  0  0  0  0  0  0  0  0
   -5.9067   -0.7509    0.0000 C   0  0  2  0  0  0  0  0  0  0  0  0
   -5.9067    0.0740    0.0000 C   0  0  0  0  0  0  0  0  0  0  0  0
   -6.6211   -1.1634    0.0000 C   0  0  1  0  0  0  0  0  0  0  0  0
   -7.3356   -0.7509    0.0000 O   0  0  0  0  0  0  0  0  0  0  0  0
   -6.6211   -1.9884    0.0000 C   0  0  1  0  0  0  0  0  0  0  0  0
   -7.3356   -2.4009    0.0000 O   0  0  0  0  0  0  0  0  0  0  0  0
  1  2  1  0  0  0  0
  1 11  1  0  0  0  0
  2  8  1  0  0  0  0
  8  3  1  0  0  0  0
  3  9  1  0  0  0  0
 13 11  1  0  0  0  0
 11  9  1  0  0  0  0
  9  4  1  0  0  0  0
  4  5  1  0  0  0  0
  5 28  1  0  0  0  0
 28 15  1  0  0  0  0
 13 28  1  0  0  0  0
  6 13  1  0  0  0  0
 17  6  1  0  0  0  0
 17 18  1  0  0  0  0
 26 18  1  0  0  0  0
 18 15  1  0  0  0  0
 15  7  1  0  0  0  0
 26 30  1  0  0  0  0
  7 30  1  0  0  0  0
  8 31  1  1  0  0  0
  9 10  1  1  0  0  0
 11 12  1  1  0  0  0
 13 14  1  6  0  0  0
 15 16  1  1  0  0  0
 18 19  1  1  0  0  0
 26 22  1  0  0  0  0
 20 23  1  0  0  0  0
 20 22  1  0  0  0  0
 23 24  1  0  0  0  0
 24 21  1  0  0  0  0
 21 22  2  0  0  0  0
 24 25  2  0  0  0  0
 26 27  1  6  0  0  0
 28 29  1  1  0  0  0
 32 31  1  1  0  0  0
 34 32  1  0  0  0  0
 32 33  1  0  0  0  0
 35 39  1  0  0  0  0
 35 33  1  0  0  0  0
 39 37  1  0  0  0  0
 37 34  1  0  0  0  0
 35 36  1  1  0  0  0
 37 38  1  6  0  0  0
 39 40  1  6  0  0  0
 41 40  1  6  0  0  0
 43 41  1  0  0  0  0
 42 41  1  0  0  0  0
 42 46  1  0  0  0  0
 46 48  1  0  0  0  0
 48 44  1  0  0  0  0
 44 43  1  0  0  0  0
 44 45  1  6  0  0  0
 46 47  1  1  0  0  0
 48 49  1  1  0  0  0
 50 49  1  1  0  0  0
 51 50  1  0  0  0  0
 50 52  1  0  0  0  0
 53 55  1  0  0  0  0
 53 52  1  0  0  0  0
 55 57  1  0  0  0  0
 57 51  1  0  0  0  0
 53 54  1  1  0  0  0
 55 56  1  6  0  0  0
 57 58  1  6  0  0  0
M  END
