
  Mrv1902 04091913202D          

 58 61  0  0  0  0            999 V2000
    4.2254    1.0299    0.0000 C   0  0  1  0  0  0  0  0  0  0  0  0
    4.2185    1.8922    0.0000 C   0  0  0  0  0  0  0  0  0  0  0  0
    3.5126    0.6029    0.0000 C   0  0  2  0  0  0  0  0  0  0  0  0
    3.4838    2.2678    0.0000 C   0  0  2  0  0  0  0  0  0  0  0  0
    2.7555    1.0160    0.0000 C   0  0  1  0  0  0  0  0  0  0  0  0
    2.7710    1.8409    0.0000 O   0  0  0  0  0  0  0  0  0  0  0  0
    3.4770    3.1303    0.0000 C   0  0  0  0  0  0  0  0  0  0  0  0
    3.4970   -0.2219    0.0000 O   0  0  0  0  0  0  0  0  0  0  0  0
    4.9601    0.6543    0.0000 N   0  0  0  0  0  0  0  0  0  0  0  0
    5.6729    1.0812    0.0000 C   0  0  0  0  0  0  0  0  0  0  0  0
    4.9669   -0.2080    0.0000 C   0  0  0  0  0  0  0  0  0  0  0  0
    2.0420    0.6014    0.0000 O   0  0  0  0  0  0  0  0  0  0  0  0
    0.6864   -0.1419    0.0000 C   0  0  2  0  0  0  0  0  0  0  0  0
   -0.6691   -0.1419    0.0000 C   0  0  0  0  0  0  0  0  0  0  0  0
   -1.3688    1.8259    0.0000 C   0  0  1  0  0  0  0  0  0  0  0  0
   -0.0132   -0.5355    0.0000 C   0  0  2  0  0  0  0  0  0  0  0  0
    1.3423    1.0387    0.0000 C   0  0  2  0  0  0  0  0  0  0  0  0
    0.6864    0.6451    0.0000 C   0  0  1  0  0  0  0  0  0  0  0  0
   -0.6691    2.9629    0.0000 C   0  0  2  0  0  0  0  0  0  0  0  0
   -0.6691    0.6451    0.0000 O   0  0  0  0  0  0  0  0  0  0  0  0
   -0.6691    2.2195    0.0000 C   0  0  1  0  0  0  0  0  0  0  0  0
    0.0304    3.4439    0.0000 C   0  0  2  0  0  0  0  0  0  0  0  0
    1.3423    1.8259    0.0000 C   0  0  1  0  0  0  0  0  0  0  0  0
   -1.3688    1.0387    0.0000 C   0  0  2  0  0  0  0  0  0  0  0  0
    1.3860   -0.5792    0.0000 O   0  0  0  0  0  0  0  0  0  0  0  0
    0.6864    2.9629    0.0000 C   0  0  1  0  0  0  0  0  0  0  0  0
    0.6864    2.2195    0.0000 C   0  0  0  0  0  0  0  0  0  0  0  0
   -1.3688   -0.5792    0.0000 O   0  0  0  0  0  0  0  0  0  0  0  0
   -2.0314    2.2432    0.0000 O   0  0  0  0  0  0  0  0  0  0  0  0
    1.3423    2.6131    0.0000 O   0  0  0  0  0  0  0  0  0  0  0  0
   -2.0841    1.5017    0.0000 C   0  0  0  0  0  0  0  0  0  0  0  0
   -0.0132   -1.3226    0.0000 C   0  0  0  0  0  0  0  0  0  0  0  0
   -0.0132    1.0387    0.0000 C   0  0  0  0  0  0  0  0  0  0  0  0
    2.0361    2.2254    0.0000 C   0  0  0  0  0  0  0  0  0  0  0  0
   -2.0248    0.6014    0.0000 C   0  0  0  0  0  0  0  0  0  0  0  0
    1.3860    3.4002    0.0000 C   0  0  0  0  0  0  0  0  0  0  0  0
    1.3860   -1.4042    0.0000 C   0  0  1  0  0  0  0  0  0  0  0  0
    0.6715   -1.8169    0.0000 C   0  0  0  0  0  0  0  0  0  0  0  0
    2.1007   -1.8169    0.0000 O   0  0  0  0  0  0  0  0  0  0  0  0
    2.1007   -2.6419    0.0000 C   0  0  2  0  0  0  0  0  0  0  0  0
    1.3860   -3.0545    0.0000 C   0  0  2  0  0  0  0  0  0  0  0  0
    2.8152   -3.0545    0.0000 C   0  0  0  0  0  0  0  0  0  0  0  0
    1.3860   -3.8796    0.0000 O   0  0  0  0  0  0  0  0  0  0  0  0
    0.6715   -2.6419    0.0000 C   0  0  2  0  0  0  0  0  0  0  0  0
    0.6715   -3.4671    0.0000 O   0  0  0  0  0  0  0  0  0  0  0  0
   -0.0430   -3.8796    0.0000 C   0  0  0  0  0  0  0  0  0  0  0  0
   -0.0429   -3.0545    0.0000 C   0  0  0  0  0  0  0  0  0  0  0  0
   -2.7522    0.9908    0.0000 C   0  0  0  0  0  0  0  0  0  0  0  0
   -1.3854    2.6340    0.0000 O   0  0  0  0  0  0  0  0  0  0  0  0
   -0.6896    3.8567    0.0000 N   0  0  0  0  0  0  0  0  0  0  0  0
    0.0459    2.5445    0.0000 C   0  0  0  0  0  0  0  0  0  0  0  0
   -1.3854    3.4590    0.0000 C   0  0  1  0  0  0  0  0  0  0  0  0
   -2.0991    3.8732    0.0000 C   0  0  0  0  0  0  0  0  0  0  0  0
   -2.8146    3.4623    0.0000 O   0  0  0  0  0  0  0  0  0  0  0  0
   -3.5281    3.8764    0.0000 C   0  0  0  0  0  0  0  0  0  0  0  0
   -4.2438    3.4655    0.0000 C   0  0  0  0  0  0  0  0  0  0  0  0
   -4.9573    3.8796    0.0000 O   0  0  0  0  0  0  0  0  0  0  0  0
   -5.6729    3.4687    0.0000 C   0  0  0  0  0  0  0  0  0  0  0  0
  2  1  1  0  0  0  0
  3  1  1  0  0  0  0
  1  9  1  6  0  0  0
  4  2  1  0  0  0  0
  5  3  1  0  0  0  0
  3  8  1  1  0  0  0
  6  4  1  0  0  0  0
  4  7  1  6  0  0  0
  6  5  1  0  0  0  0
 10  9  1  0  0  0  0
 11  9  1  0  0  0  0
  5 12  1  6  0  0  0
 18 13  1  0  0  0  0
 16 13  1  0  0  0  0
 13 25  1  6  0  0  0
 16 14  1  0  0  0  0
 20 14  1  0  0  0  0
 28 14  2  0  0  0  0
 21 15  1  0  0  0  0
 15 29  1  1  0  0  0
 15 31  1  6  0  0  0
 24 15  1  0  0  0  0
 16 32  1  1  0  0  0
 17 12  1  6  0  0  0
 18 17  1  0  0  0  0
 23 17  1  0  0  0  0
 18 33  1  6  0  0  0
 22 19  1  0  0  0  0
 21 19  1  0  0  0  0
 24 20  1  0  0  0  0
 26 22  1  0  0  0  0
 27 23  1  0  0  0  0
 23 30  1  1  0  0  0
 23 34  1  6  0  0  0
 24 35  1  6  0  0  0
 27 26  1  0  0  0  0
 26 36  1  6  0  0  0
 37 25  1  6  0  0  0
 37 38  1  0  0  0  0
 37 39  1  0  0  0  0
 38 44  1  0  0  0  0
 39 40  1  0  0  0  0
 40 42  1  1  0  0  0
 40 41  1  0  0  0  0
 44 41  1  0  0  0  0
 41 43  1  6  0  0  0
 44 45  1  6  0  0  0
 44 47  1  1  0  0  0
 45 46  1  0  0  0  0
 35 48  1  0  0  0  0
 21 49  1  1  0  0  0
 22 50  1  1  0  0  0
 19 51  1  1  0  0  0
 49 52  1  0  0  0  0
 52 50  1  0  0  0  0
 52 53  1  6  0  0  0
 53 54  1  0  0  0  0
 54 55  1  0  0  0  0
 55 56  1  0  0  0  0
 56 57  1  0  0  0  0
 57 58  1  0  0  0  0
M  END
