
  Mrv1652309151722402D          

 30 31  0  0  0  0            999 V2000
   12.1460   -1.2375    0.0000 C   0  0  0  0  0  0  0  0  0  0  0  0
   -1.4289   -0.8250    0.0000 C   0  0  0  0  0  0  0  0  0  0  0  0
    7.8592   -2.0625    0.0000 C   0  0  0  0  0  0  0  0  0  0  0  0
    2.8579    0.0000    0.0000 C   0  0  0  0  0  0  0  0  0  0  0  0
    5.7158   -0.8250    0.0000 C   0  0  0  0  0  0  0  0  0  0  0  0
    5.0013   -1.2375    0.0000 C   0  0  0  0  0  0  0  0  0  0  0  0
    6.4302   -1.2375    0.0000 C   0  0  0  0  0  0  0  0  0  0  0  0
    4.2868   -0.8250    0.0000 C   0  0  0  0  0  0  0  0  0  0  0  0
   10.7171    0.4125    0.0000 C   0  0  0  0  0  0  0  0  0  0  0  0
    0.0000   -2.4750    0.0000 C   0  0  0  0  0  0  0  0  0  0  0  0
   10.0026    0.0000    0.0000 C   0  0  0  0  0  0  0  0  0  0  0  0
    0.7145   -2.0625    0.0000 C   0  0  0  0  0  0  0  0  0  0  0  0
   11.4315    0.0000    0.0000 C   0  0  0  0  0  0  0  0  0  0  0  0
   -0.7145   -2.0625    0.0000 C   0  0  0  0  0  0  0  0  0  0  0  0
    7.1447   -0.8250    0.0000 C   0  0  0  0  0  0  0  0  0  0  0  0
    3.5724   -1.2375    0.0000 C   0  0  0  0  0  0  0  0  0  0  0  0
   10.7171   -1.2375    0.0000 C   0  0  0  0  0  0  0  0  0  0  0  0
    0.0000   -0.8250    0.0000 C   0  0  0  0  0  0  0  0  0  0  0  0
   10.0026   -0.8250    0.0000 C   0  0  0  0  0  0  0  0  0  0  0  0
    0.7145   -1.2375    0.0000 C   0  0  0  0  0  0  0  0  0  0  0  0
    8.5737   -0.8250    0.0000 C   0  0  0  0  0  0  0  0  0  0  0  0
    2.1434   -1.2375    0.0000 C   0  0  0  0  0  0  0  0  0  0  0  0
   11.4315   -0.8250    0.0000 N   0  3  0  0  0  0  0  0  0  0  0  0
   -0.7145   -1.2375    0.0000 N   0  3  0  0  0  0  0  0  0  0  0  0
    7.8592   -1.2375    0.0000 N   0  0  0  0  0  0  0  0  0  0  0  0
    2.8579   -0.8250    0.0000 N   0  0  0  0  0  0  0  0  0  0  0  0
    8.5737    0.0000    0.0000 O   0  0  0  0  0  0  0  0  0  0  0  0
    2.1434   -2.0625    0.0000 O   0  0  0  0  0  0  0  0  0  0  0  0
    9.2881   -1.2375    0.0000 O   0  0  0  0  0  0  0  0  0  0  0  0
    1.4289   -0.8250    0.0000 O   0  0  0  0  0  0  0  0  0  0  0  0
  6  5  1  0  0  0  0
  7  5  1  0  0  0  0
  8  6  1  0  0  0  0
 11  9  2  0  0  0  0
 12 10  2  0  0  0  0
 13  9  1  0  0  0  0
 14 10  1  0  0  0  0
 15  7  1  0  0  0  0
 16  8  1  0  0  0  0
 19 11  1  0  0  0  0
 19 17  2  0  0  0  0
 20 12  1  0  0  0  0
 20 18  2  0  0  0  0
 23  1  1  0  0  0  0
 23 13  2  0  0  0  0
 23 17  1  0  0  0  0
 24  2  1  0  0  0  0
 24 14  2  0  0  0  0
 24 18  1  0  0  0  0
 25  3  1  0  0  0  0
 25 15  1  0  0  0  0
 25 21  1  0  0  0  0
 26  4  1  0  0  0  0
 26 16  1  0  0  0  0
 26 22  1  0  0  0  0
 27 21  2  0  0  0  0
 28 22  2  0  0  0  0
 29 19  1  0  0  0  0
 29 21  1  0  0  0  0
 30 20  1  0  0  0  0
 30 22  1  0  0  0  0
M  CHG  2  23   1  24   1
M  END
