
  Mrv1909 11171900322D          

 34 37  0  0  0  0            999 V2000
    0.7144    0.6187    0.0000 C   0  0  2  0  0  0  0  0  0  0  0  0
   -0.7144    0.6187    0.0000 C   0  0  0  0  0  0  0  0  0  0  0  0
    0.7144   -0.2062    0.0000 C   0  0  2  0  0  0  0  0  0  0  0  0
    2.1433    0.6187    0.0000 C   0  0  0  0  0  0  0  0  0  0  0  0
    0.0000    1.0312    0.0000 C   0  0  0  0  0  0  0  0  0  0  0  0
    1.4289    1.0312    0.0000 C   0  0  0  0  0  0  0  0  0  0  0  0
    2.1433   -0.2062    0.0000 C   0  0  0  0  0  0  0  0  0  0  0  0
   -1.4289    1.0312    0.0000 C   0  0  0  0  0  0  0  0  0  0  0  0
   -0.7144   -0.2062    0.0000 C   0  0  2  0  0  0  0  0  0  0  0  0
    1.4289   -0.6187    0.0000 C   0  0  1  0  0  0  0  0  0  0  0  0
   -2.1434    0.6187    0.0000 C   0  0  0  0  0  0  0  0  0  0  0  0
    0.0000   -0.6187    0.0000 C   0  0  2  0  0  0  0  0  0  0  0  0
   -2.1434   -0.2062    0.0000 C   0  0  0  0  0  0  0  0  0  0  0  0
   -1.4289   -0.6187    0.0000 C   0  0  2  0  0  0  0  0  0  0  0  0
    2.8578    1.0312    0.0000 C   0  0  0  0  0  0  0  0  0  0  0  0
    1.4289   -1.4437    0.0000 N   0  0  0  0  0  0  0  0  0  0  0  0
    1.4289    1.8562    0.0000 O   0  0  0  0  0  0  0  0  0  0  0  0
   -1.4289    1.8562    0.0000 O   0  0  0  0  0  0  0  0  0  0  0  0
   -2.8578    1.0312    0.0000 C   0  0  0  0  0  0  0  0  0  0  0  0
    0.7144    1.4437    0.0000 O   0  0  0  0  0  0  0  0  0  0  0  0
    3.5723    0.6187    0.0000 N   0  0  0  0  0  0  0  0  0  0  0  0
    0.0000    1.8562    0.0000 O   0  0  0  0  0  0  0  0  0  0  0  0
    2.8578   -0.6187    0.0000 O   0  0  0  0  0  0  0  0  0  0  0  0
    0.0000   -1.4437    0.0000 O   0  0  0  0  0  0  0  0  0  0  0  0
    2.8578    1.8562    0.0000 O   0  0  0  0  0  0  0  0  0  0  0  0
   -2.8578   -0.6187    0.0000 C   0  0  0  0  0  0  0  0  0  0  0  0
   -1.4289   -1.4437    0.0000 C   0  0  0  0  0  0  0  0  0  0  0  0
   -2.8578    1.8562    0.0000 O   0  0  0  0  0  0  0  0  0  0  0  0
   -3.5723   -0.2062    0.0000 C   0  0  0  0  0  0  0  0  0  0  0  0
   -3.5723    0.6187    0.0000 C   0  0  0  0  0  0  0  0  0  0  0  0
    2.1433   -1.8562    0.0000 C   0  0  0  0  0  0  0  0  0  0  0  0
    0.7144   -1.8562    0.0000 C   0  0  0  0  0  0  0  0  0  0  0  0
   -0.7144   -1.0312    0.0000 H   0  0  0  0  0  0  0  0  0  0  0  0
    0.7144   -1.0312    0.0000 H   0  0  0  0  0  0  0  0  0  0  0  0
  3  1  1  0  0  0  0
  5  1  1  0  0  0  0
  6  1  1  0  0  0  0
  1 20  1  1  0  0  0
  5  2  2  0  0  0  0
  8  2  1  0  0  0  0
  9  2  1  0  0  0  0
 10  3  1  0  0  0  0
 12  3  1  0  0  0  0
  3 34  1  1  0  0  0
  6  4  1  0  0  0  0
  7  4  2  0  0  0  0
 15  4  1  0  0  0  0
 22  5  1  0  0  0  0
 17  6  2  0  0  0  0
 23  7  1  0  0  0  0
 10  7  1  0  0  0  0
 11  8  1  0  0  0  0
 18  8  2  0  0  0  0
 14  9  1  0  0  0  0
  9 33  1  1  0  0  0
 12  9  1  0  0  0  0
 10 16  1  1  0  0  0
 19 11  2  0  0  0  0
 13 11  1  0  0  0  0
 12 24  1  1  0  0  0
 14 13  1  0  0  0  0
 26 13  2  0  0  0  0
 14 27  1  1  0  0  0
 21 15  1  0  0  0  0
 25 15  2  0  0  0  0
 31 16  1  0  0  0  0
 32 16  1  0  0  0  0
 28 19  1  0  0  0  0
 30 19  1  0  0  0  0
 29 26  1  0  0  0  0
 30 29  2  0  0  0  0
M  END
