
  Mrv0541 04191212172D          

 42 46  0  0  1  0            999 V2000
    5.5645   -5.6364    0.0000 C   0  0  0  0  0  0  0  0  0  0  0  0
    5.5645   -6.4614    0.0000 C   0  0  0  0  0  0  0  0  0  0  0  0
    6.2766   -6.8698    0.0000 N   0  0  0  0  0  0  0  0  0  0  0  0
    6.2766   -5.2198    0.0000 C   0  0  0  0  0  0  0  0  0  0  0  0
    6.9886   -5.6364    0.0000 C   0  0  1  0  0  0  0  0  0  0  0  0
    6.9851   -6.4614    0.0000 C   0  0  1  0  0  0  0  0  0  0  0  0
    7.6938   -6.8747    0.0000 C   0  0  0  0  0  0  0  0  0  0  0  0
    8.4106   -6.4675    0.0000 C   0  0  0  0  0  0  0  0  0  0  0  0
    7.7008   -5.2247    0.0000 C   0  0  2  0  0  0  0  0  0  0  0  0
    8.4142   -5.6473    0.0000 C   0  0  2  0  0  0  0  0  0  0  0  0
    8.4312   -3.9920    0.0000 C   0  0  0  0  0  0  0  0  0  0  0  0
    4.8507   -6.8750    0.0000 O   0  0  0  0  0  0  0  0  0  0  0  0
    6.9770   -7.2823    0.0000 H   0  0  0  0  0  0  0  0  0  0  0  0
    9.1229   -6.0698    0.0000 H   0  0  0  0  0  0  0  0  0  0  0  0
    7.6586   -4.4783    0.0000 C   0  0  0  0  0  0  0  0  0  0  0  0
    8.4062   -4.8198    0.0000 H   0  0  0  0  0  0  0  0  0  0  0  0
    9.1481   -4.4139    0.0000 C   0  0  1  0  0  0  0  0  0  0  0  0
    9.1310   -5.2449    0.0000 C   0  0  1  0  0  0  0  0  0  0  0  0
    9.9161   -5.5180    0.0000 C   0  0  0  0  0  0  0  0  0  0  0  0
   10.4184   -4.8557    0.0000 C   0  0  0  0  0  0  0  0  0  0  0  0
    9.9437   -4.1734    0.0000 C   0  0  2  0  0  0  0  0  0  0  0  0
    9.1437   -3.6362    0.0000 C   0  0  0  0  0  0  0  0  0  0  0  0
    6.9812   -4.8073    0.0000 C   0  0  0  0  0  0  0  0  0  0  0  0
    9.9478   -3.3472    0.0000 C   0  0  0  0  0  0  0  0  0  0  0  0
    9.2356   -2.9307    0.0000 O   0  0  0  0  0  0  0  0  0  0  0  0
   10.6646   -2.9387    0.0000 N   0  0  0  0  0  0  0  0  0  0  0  0
   11.3767   -3.3552    0.0000 C   0  0  0  0  0  0  0  0  0  0  0  0
   11.3694   -4.1791    0.0000 C   0  0  0  0  0  0  0  0  0  0  0  0
   12.0806   -4.5956    0.0000 C   0  0  0  0  0  0  0  0  0  0  0  0
   12.7984   -4.1871    0.0000 C   0  0  0  0  0  0  0  0  0  0  0  0
   12.8004   -3.3578    0.0000 C   0  0  0  0  0  0  0  0  0  0  0  0
   12.0885   -2.9451    0.0000 C   0  0  0  0  0  0  0  0  0  0  0  0
   12.0897   -2.1201    0.0000 C   0  0  0  0  0  0  0  0  0  0  0  0
    7.6937   -6.0490    0.0000 H   0  0  0  0  0  0  0  0  0  0  0  0
   12.8047   -1.7086    0.0000 F   0  0  0  0  0  0  0  0  0  0  0  0
   11.3758   -1.7066    0.0000 F   0  0  0  0  0  0  0  0  0  0  0  0
   12.0867   -1.2921    0.0000 F   0  0  0  0  0  0  0  0  0  0  0  0
   10.7349   -4.3934    0.0000 H   0  0  0  0  0  0  0  0  0  0  0  0
   12.0755   -5.4206    0.0000 C   0  0  0  0  0  0  0  0  0  0  0  0
   11.3586   -5.8287    0.0000 F   0  0  0  0  0  0  0  0  0  0  0  0
   12.7874   -5.8375    0.0000 F   0  0  0  0  0  0  0  0  0  0  0  0
   12.0768   -6.2421    0.0000 F   0  0  0  0  0  0  0  0  0  0  0  0
  3  6  1  0  0  0  0
  5  4  1  0  0  0  0
 18 19  1  0  0  0  0
 19 20  1  0  0  0  0
 20 21  1  0  0  0  0
 21 17  1  0  0  0  0
  5  6  1  0  0  0  0
 17 22  1  1  0  0  0
  9 15  1  0  0  0  0
  5 23  1  1  0  0  0
 10 18  1  0  0  0  0
 21 24  1  0  0  0  0
 17 11  1  0  0  0  0
 24 25  2  0  0  0  0
 11 15  1  0  0  0  0
 24 26  1  0  0  0  0
  1  2  1  0  0  0  0
 26 27  1  0  0  0  0
  1  4  2  0  0  0  0
 27 28  2  0  0  0  0
  2  3  1  0  0  0  0
 28 29  1  0  0  0  0
  5  9  1  0  0  0  0
 29 30  2  0  0  0  0
  2 12  2  0  0  0  0
 30 31  1  0  0  0  0
  6 13  1  6  0  0  0
 31 32  2  0  0  0  0
 32 27  1  0  0  0  0
  6  7  1  0  0  0  0
 32 33  1  0  0  0  0
 18 14  1  6  0  0  0
  7  8  1  0  0  0  0
 10 16  1  1  0  0  0
 17 18  1  0  0  0  0
  8 10  1  0  0  0  0
  9 10  1  0  0  0  0
  9 34  1  6  0  0  0
 33 35  1  0  0  0  0
 33 36  1  0  0  0  0
 33 37  1  0  0  0  0
 21 38  1  6  0  0  0
 29 39  1  0  0  0  0
 39 40  1  0  0  0  0
 39 41  1  0  0  0  0
 39 42  1  0  0  0  0
M  END
