
  CDK     0306170843

 32 35  0  0  0  0  0  0  0  0999 V2000
   10.6085  -10.7917    0.0000 C   0  0  0  0  0  0  0  0  0  0  0  0
   10.6085  -11.6176    0.0000 C   0  0  0  0  0  0  0  0  0  0  0  0
   11.3255  -12.0306    0.0000 C   0  0  0  0  0  0  0  0  0  0  0  0
   11.3255  -10.3787    0.0000 C   0  0  0  0  0  0  0  0  0  0  0  0
   12.0383  -10.7917    0.0000 C   0  0  1  0  0  0  0  0  0  0  0  0
   12.0348  -11.6176    0.0000 C   0  0  0  0  0  0  0  0  0  0  0  0
   12.7483  -12.0337    0.0000 C   0  0  0  0  0  0  0  0  0  0  0  0
   13.4654  -11.6237    0.0000 C   0  0  0  0  0  0  0  0  0  0  0  0
   12.7554  -10.3818    0.0000 C   0  0  2  0  0  0  0  0  0  0  0  0
   13.4654  -10.7996    0.0000 C   0  0  2  0  0  0  0  0  0  0  0  0
   13.4790   -9.1520    0.0000 C   0  0  0  0  0  0  0  0  0  0  0  0
   12.7622   -9.5580    0.0000 C   0  0  0  0  0  0  0  0  0  0  0  0
   14.1890   -9.5697    0.0000 C   0  0  1  0  0  0  0  0  0  0  0  0
   14.1790  -10.3910    0.0000 C   0  0  1  0  0  0  0  0  0  0  0  0
   15.6015  -10.4082    0.0000 C   0  0  0  0  0  0  0  0  0  0  0  0
   15.6115   -9.5870    0.0000 C   0  0  0  0  0  0  0  0  0  0  0  0
   14.9052   -9.1677    0.0000 C   0  0  2  0  0  0  0  0  0  0  0  0
   14.9152   -8.3418    0.0000 C   0  0  0  0  0  0  0  0  0  0  0  0
   15.6354   -7.9375    0.0000 N   0  0  0  0  0  0  0  0  0  0  0  0
   14.2050   -7.9202    0.0000 O   0  0  0  0  0  0  0  0  0  0  0  0
   16.3457   -8.3592    0.0000 C   0  0  0  0  0  0  0  0  0  0  0  0
   15.9271   -9.0689    0.0000 C   0  0  0  0  0  0  0  0  0  0  0  0
   16.7530   -7.6380    0.0000 C   0  0  0  0  0  0  0  0  0  0  0  0
   17.0576   -8.7685    0.0000 C   0  0  0  0  0  0  0  0  0  0  0  0
    9.8935  -12.0310    0.0000 C   0  0  0  0  0  0  0  0  0  0  0  0
    9.1779  -11.6184    0.0000 O   0  0  0  0  0  0  0  0  0  0  0  0
    9.8938  -12.8570    0.0000 O   0  0  0  0  0  0  0  0  0  0  0  0
   14.1709  -11.2131    0.0000 H   0  0  0  0  0  0  0  0  0  0  0  0
   12.7484  -11.2047    0.0000 H   0  0  0  0  0  0  0  0  0  0  0  0
   13.4576   -9.9699    0.0000 H   0  0  0  0  0  0  0  0  0  0  0  0
   14.1835   -8.7435    0.0000 C   0  0  0  0  0  0  0  0  0  0  0  0
   12.0310   -9.9657    0.0000 C   0  0  0  0  0  0  0  0  0  0  0  0
  7  8  1  0  0  0  0 
 13 14  1  0  0  0  0 
 15 16  1  0  0  0  0 
 16 17  1  0  0  0  0 
 17 13  1  0  0  0  0 
 14 15  1  0  0  0  0 
  8 10  1  0  0  0  0 
 17 18  1  1  0  0  0 
  9  5  1  0  0  0  0 
 18 19  1  0  0  0  0 
  5  4  1  0  0  0  0 
 18 20  2  0  0  0  0 
  4  1  1  0  0  0  0 
 19 21  1  0  0  0  0 
 21 22  1  0  0  0  0 
  1  2  1  0  0  0  0 
 21 23  1  0  0  0  0 
  9 10  1  0  0  0  0 
 21 24  1  0  0  0  0 
 10 14  1  0  0  0  0 
  2 25  1  0  0  0  0 
 13 11  1  0  0  0  0 
 25 26  1  0  0  0  0 
 11 12  1  0  0  0  0 
 25 27  2  0  0  0  0 
 12  9  1  0  0  0  0 
 14 28  1  6  0  0  0 
  2  3  2  0  0  0  0 
  9 29  1  6  0  0  0 
  3  6  1  0  0  0  0 
 10 30  1  1  0  0  0 
  5  6  1  0  0  0  0 
 13 31  1  1  0  0  0 
  6  7  2  0  0  0  0 
  5 32  1  1  0  0  0 
M  END
