83199-81-9.mol
  ChemDraw08051010162D

 29 31  0  0  0  0  0  0  0  0999 V2000
    0.6984   -0.0469    0.0000 N   0  0  0  0  0  0  0  0  0  0  0  0
   -0.0281   -0.4571    0.0000 C   0  0  0  0  0  0  0  0  0  0  0  0
    1.3125   -0.6797    0.0000 C   0  0  0  0  0  0  0  0  0  0  0  0
    0.6984    0.7172    0.0000 C   0  0  0  0  0  0  0  0  0  0  0  0
    0.0750   -1.2937    0.0000 C   0  0  0  0  0  0  0  0  0  0  0  0
   -0.7172    0.0093    0.0000 C   0  0  0  0  0  0  0  0  0  0  0  0
    0.9093   -1.3875    0.0000 C   0  0  0  0  0  0  0  0  0  0  0  0
    2.1375   -0.6797    0.0000 C   0  0  0  0  0  0  0  0  0  0  0  0
    1.4296    1.1297    0.0000 C   0  0  0  0  0  0  0  0  0  0  0  0
    0.0563    1.0828    0.0000 C   0  0  0  0  0  0  0  0  0  0  0  0
   -0.3727   -1.8985    0.0000 O   0  0  0  0  0  0  0  0  0  0  0  0
   -1.4296   -0.4102    0.0000 N   0  0  0  0  0  0  0  0  0  0  0  0
   -0.7172    0.8343    0.0000 O   0  0  0  0  0  0  0  0  0  0  0  0
    1.3125   -2.1000    0.0000 C   0  0  0  0  0  0  0  0  0  0  0  0
    2.5593   -1.3875    0.0000 C   0  0  0  0  0  0  0  0  0  0  0  0
    1.4296    1.9547    0.0000 C   0  0  0  0  0  0  0  0  0  0  0  0
    0.0563    1.9547    0.0000 C   0  0  0  0  0  0  0  0  0  0  0  0
   -1.1391   -1.6477    0.0000 C   0  0  0  0  0  0  0  0  0  0  0  0
   -1.4296   -1.2352    0.0000 C   0  0  0  0  0  0  0  0  0  0  0  0
    2.1187   -2.1187    0.0000 C   0  0  0  0  0  0  0  0  0  0  0  0
    0.7453    2.3672    0.0000 C   0  0  0  0  0  0  0  0  0  0  0  0
   -2.1375   -1.6570    0.0000 C   0  0  0  0  0  0  0  0  0  0  0  0
   -2.5593   -0.9281    0.0000 C   0  0  0  0  0  0  0  0  0  0  0  0
   -1.7156   -2.3672    0.0000 O   0  0  0  0  0  0  0  0  0  0  0  0
   -2.1562   -0.1992    0.0000 N   0  0  0  0  0  0  0  0  0  0  0  0
   -2.5593    0.4875    0.0000 C   0  0  0  0  0  0  0  0  0  0  0  0
   -1.3312   -0.1992    0.0000 C   0  0  0  0  0  0  0  0  0  0  0  0
   -2.1562    1.2187    0.0000 C   0  0  0  0  0  0  0  0  0  0  0  0
   -0.9093   -0.9094    0.0000 C   0  0  0  0  0  0  0  0  0  0  0  0
  1  2  1  0      
  1  3  1  0      
  1  4  1  0      
  2  5  2  0      
  2  6  1  0      
  3  7  2  0      
  3  8  1  0      
  4  9  2  0      
  4 10  1  0      
  5 11  1  0      
  5  7  1  0      
  6 12  1  0      
  6 13  2  0      
  7 14  1  0      
  8 15  2  0      
  9 16  1  0      
 10 17  2  0      
 11 18  1  0      
 12 19  1  0      
 14 20  2  0      
 15 20  1  0      
 16 21  2  0      
 17 21  1  0      
 19 22  1  0      
 22 23  1  0      
 22 24  1  0      
 23 25  1  0      
 25 26  1  0      
 25 27  1  0      
 26 28  1  0      
 27 29  1  0      
M  END
