8067-11-6.mol
  ChemDraw08051009592D

 31 33  0  0  0  0  0  0  0  0999 V2000
   -0.7188   -1.7303    0.0000 C   0  0  0  0  0  0  0  0  0  0  0  0
   -0.7188   -0.9306    0.0000 C   0  0  0  0  0  0  0  0  0  0  0  0
   -0.0280   -2.1272    0.0000 C   0  0  0  0  0  0  0  0  0  0  0  0
   -1.4274   -2.1360    0.0000 C   0  0  0  0  0  0  0  0  0  0  0  0
    0.0014   -0.4984    0.0000 C   0  0  0  0  0  0  0  0  0  0  0  0
   -1.4274   -0.5249    0.0000 C   0  0  0  0  0  0  0  0  0  0  0  0
    0.6806   -1.7127    0.0000 C   0  0  0  0  0  0  0  0  0  0  0  0
   -0.1926   -2.9357    0.0000 C   0  0  0  0  0  0  0  0  0  0  0  0
   -1.2245   -2.9357    0.0000 N   0  0  0  0  0  0  0  0  0  0  0  0
   -2.1271   -1.7391    0.0000 C   0  0  0  0  0  0  0  0  0  0  0  0
    0.7012   -0.9100    0.0000 C   0  0  0  0  0  0  0  0  0  0  0  0
    0.0014    0.3131    0.0000 C   0  0  0  0  0  0  0  0  0  0  0  0
   -2.1271   -0.9306    0.0000 C   0  0  0  0  0  0  0  0  0  0  0  0
    1.4009   -0.4514    0.0000 N   0  0  0  0  0  0  0  0  0  0  0  0
    0.6718    0.7835    0.0000 C   0  0  0  0  0  0  0  0  0  0  0  0
    1.4009    0.3689    0.0000 C   0  0  0  0  0  0  0  0  0  0  0  0
    2.1271   -0.8276    0.0000 C   0  0  0  0  0  0  0  0  0  0  0  0
    0.6718    1.5920    0.0000 C   0  0  0  0  0  0  0  0  0  0  0  0
    1.4450    2.0330    0.0000 N   0  0  0  0  0  0  0  0  0  0  0  0
   -0.1926    2.0801    0.0000 O   0  0  0  0  0  0  0  0  0  0  0  0
    2.1918    1.6655    0.0000 C   0  0  0  0  0  0  0  0  0  0  0  0
    2.9827    2.1065    0.0000 C   0  0  0  0  0  0  0  0  0  0  0  0
    2.2006    0.8276    0.0000 C   0  0  0  0  0  0  0  0  0  0  0  0
    2.9827    2.9357    0.0000 O   0  0  0  0  0  0  0  0  0  0  0  0
   -0.9393   -0.0103    0.0000 H   0  0  0  0  0  0  0  0  0  0  0  0
    1.3069   -1.2981    0.0000 H   0  0  0  0  0  0  0  0  0  0  0  0
   -2.0978    1.5097    0.0000 S   0  0  0  0  0  0  0  0  0  0  0  0
   -2.9827    1.5097    0.0000 C   0  0  0  0  0  0  0  0  0  0  0  0
   -1.2334    1.5097    0.0000 O   0  0  0  0  0  0  0  0  0  0  0  0
   -2.0978    0.6454    0.0000 O   0  0  0  0  0  0  0  0  0  0  0  0
   -2.0978    2.3947    0.0000 O   0  0  0  0  0  0  0  0  0  0  0  0
  1  2  2  0      
  1  3  1  0      
  1  4  1  0      
  2  5  1  0      
  2  6  1  0      
  3  7  1  0      
  3  8  2  0      
  4  9  1  0      
  4 10  2  0      
  5 11  1  0      
  5 12  1  0      
  5 25  1  6      
  6 13  2  0      
  7 11  1  0      
  8  9  1  0      
 10 13  1  0      
 11 14  1  0      
 11 26  1  1      
 12 15  1  0      
 14 16  1  0      
 14 17  1  0      
 15 18  1  1      
 15 16  1  0      
 18 19  1  0      
 18 20  2  0      
 21 19  1  6      
 21 22  1  0      
 21 23  1  0      
 22 24  1  0      
 27 28  1  0      
 27 29  1  0      
 27 30  2  0      
 27 31  2  0      
M  END
