
  Mrv1718009031813302D          

 36 39  0  0  0  0            999 V2000
    2.8456    0.7538    0.0000 C   0  0  1  0  0  0  0  0  0  0  0  0
    4.3338    2.2566    0.0000 P   0  0  0  0  0  0  0  0  0  0  0  0
    2.8456   -0.0654    0.0000 C   0  0  2  0  0  0  0  0  0  0  0  0
    2.1135   -0.4823    0.0000 C   0  0  1  0  0  0  0  0  0  0  0  0
   -2.2154   -1.3403    0.0000 C   0  0  0  0  0  0  0  0  0  0  0  0
    1.4058   -0.0654    0.0000 C   0  0  1  0  0  0  0  0  0  0  0  0
    0.6641   -0.4823    0.0000 C   0  0  0  0  0  0  0  0  0  0  0  0
    3.6309    1.0156    0.0000 C   0  0  1  0  0  0  0  0  0  0  0  0
    0.6641   -1.3063    0.0000 C   0  0  0  0  0  0  0  0  0  0  0  0
    3.6261    1.8396    0.0000 O   0  0  0  0  0  0  0  0  0  0  0  0
    2.1135    1.1756    0.0000 C   0  0  0  0  0  0  0  0  0  0  0  0
    1.4058    0.7538    0.0000 C   0  0  0  0  0  0  0  0  0  0  0  0
   -1.4736   -1.7233    0.0000 O   0  0  0  0  0  0  0  0  0  0  0  0
    3.6309   -0.3126    0.0000 C   0  0  0  0  0  0  0  0  0  0  0  0
    2.1135   -1.3257    0.0000 C   0  0  0  0  0  0  0  0  0  0  0  0
   -0.0484   -0.0654    0.0000 C   0  0  0  0  0  0  0  0  0  0  0  0
   -2.9135   -1.7233    0.0000 N   0  0  0  0  0  0  0  0  0  0  0  0
    5.0513    1.8495    0.0000 O   0  0  0  0  0  0  0  0  0  0  0  0
    4.7362    2.9740    0.0000 O   0  0  0  0  0  0  0  0  0  0  0  0
    3.9169    2.9740    0.0000 O   0  0  0  0  0  0  0  0  0  0  0  0
   -2.2299   -0.4435    0.0000 O   0  0  0  0  0  0  0  0  0  0  0  0
   -0.0484   -1.7233    0.0000 C   0  0  0  0  0  0  0  0  0  0  0  0
   -0.7659   -1.3063    0.0000 C   0  0  0  0  0  0  0  0  0  0  0  0
    1.4058   -1.7233    0.0000 C   0  0  0  0  0  0  0  0  0  0  0  0
    4.0963    0.3563    0.0000 C   0  0  0  0  0  0  0  0  0  0  0  0
   -0.7659   -0.4726    0.0000 C   0  0  0  0  0  0  0  0  0  0  0  0
    2.8456    1.5827    0.0000 C   0  0  0  0  0  0  0  0  0  0  0  0
   -4.2854   -2.5523    0.0000 Cl  0  0  0  0  0  0  0  0  0  0  0  0
   -5.0513   -1.3742    0.0000 Cl  0  0  0  0  0  0  0  0  0  0  0  0
   -2.8989   -2.5669    0.0000 C   0  0  0  0  0  0  0  0  0  0  0  0
   -3.6406   -1.3403    0.0000 C   0  0  0  0  0  0  0  0  0  0  0  0
   -3.5728   -2.9740    0.0000 C   0  0  0  0  0  0  0  0  0  0  0  0
   -4.3387   -1.7475    0.0000 C   0  0  0  0  0  0  0  0  0  0  0  0
    1.4203   -0.8943    0.0000 H   0  0  0  0  0  0  0  0  0  0  0  0
    2.8456   -0.8604    0.0000 H   0  0  0  0  0  0  0  0  0  0  0  0
    2.1039    0.3563    0.0000 H   0  0  0  0  0  0  0  0  0  0  0  0
  2 10  1  0  0  0  0
  3  1  1  0  0  0  0
  4  3  1  0  0  0  0
  5 13  1  0  0  0  0
  6  4  1  0  0  0  0
  7  6  1  0  0  0  0
  8  1  1  0  0  0  0
  9  7  2  0  0  0  0
  8 10  1  1  0  0  0
 11  1  1  0  0  0  0
 12 11  1  0  0  0  0
 13 23  1  0  0  0  0
 14  3  1  0  0  0  0
 15  4  1  0  0  0  0
 16  7  1  0  0  0  0
 17  5  1  0  0  0  0
 18  2  1  0  0  0  0
 19  2  1  0  0  0  0
 20  2  2  0  0  0  0
 21  5  2  0  0  0  0
 22  9  1  0  0  0  0
 23 26  1  0  0  0  0
 24 15  1  0  0  0  0
 25  8  1  0  0  0  0
 26 16  2  0  0  0  0
  1 27  1  1  0  0  0
 28 32  1  0  0  0  0
 29 33  1  0  0  0  0
 30 17  1  0  0  0  0
 31 17  1  0  0  0  0
 32 30  1  0  0  0  0
 33 31  1  0  0  0  0
  6 34  1  6  0  0  0
  3 35  1  6  0  0  0
  4 36  1  1  0  0  0
 12  6  1  0  0  0  0
 14 25  1  0  0  0  0
 24  9  1  0  0  0  0
 22 23  2  0  0  0  0
M  END
