
  Mrv1909 01172002032D          

 20 20  0  0  0  0            999 V2000
   -1.0720   -0.2168    0.0000 N   0  0  0  0  0  0  0  0  0  0  0  0
   -0.3587    0.1960    0.0000 C   0  0  0  0  0  0  0  0  0  0  0  0
   -1.7896    0.1960    0.0000 C   0  0  0  0  0  0  0  0  0  0  0  0
    0.3546   -0.2168    0.0000 C   0  0  0  0  0  0  0  0  0  0  0  0
   -0.3587    1.0220    0.0000 O   0  0  0  0  0  0  0  0  0  0  0  0
    1.0637    0.2043    0.0000 N   0  0  0  0  0  0  0  0  0  0  0  0
   -2.4986   -0.2085    0.0000 C   0  0  0  0  0  0  0  0  0  0  0  0
   -1.7853    1.0303    0.0000 C   0  0  0  0  0  0  0  0  0  0  0  0
   -3.2161    1.0303    0.0000 C   0  0  0  0  0  0  0  0  0  0  0  0
    0.3546   -1.0428    0.0000 C   0  0  0  0  0  0  0  0  0  0  0  0
    1.0553    1.0303    0.0000 C   0  0  0  0  0  0  0  0  0  0  0  0
    1.7812   -0.1960    0.0000 C   0  0  0  0  0  0  0  0  0  0  0  0
   -3.2119    0.1960    0.0000 C   0  0  0  0  0  0  0  0  0  0  0  0
   -2.4986    1.4433    0.0000 C   0  0  0  0  0  0  0  0  0  0  0  0
   -1.0720    1.4350    0.0000 C   0  0  0  0  0  0  0  0  0  0  0  0
   -2.4986   -1.0344    0.0000 C   0  0  0  0  0  0  0  0  0  0  0  0
    2.4945    0.2168    0.0000 C   0  0  0  0  0  0  0  0  0  0  0  0
    1.7687    1.4558    0.0000 C   0  0  0  0  0  0  0  0  0  0  0  0
   -0.3587   -1.4558    0.0000 C   0  0  0  0  0  0  0  0  0  0  0  0
    3.2161   -0.1835    0.0000 C   0  0  0  0  0  0  0  0  0  0  0  0
  2  1  1  0  0  0  0
  3  1  1  0  0  0  0
  4  2  1  0  0  0  0
  5  2  2  0  0  0  0
  6  4  1  0  0  0  0
  7  3  1  0  0  0  0
  8  3  2  0  0  0  0
  9 14  2  0  0  0  0
 10  4  1  0  0  0  0
 11  6  1  0  0  0  0
 12  6  1  0  0  0  0
 13  7  2  0  0  0  0
 14  8  1  0  0  0  0
 15  8  1  0  0  0  0
 16  7  1  0  0  0  0
 17 12  1  0  0  0  0
 18 11  1  0  0  0  0
 19 10  1  0  0  0  0
 20 17  1  0  0  0  0
 13  9  1  0  0  0  0
M  END
