926
  Mrv0541 02231215062D          

 26 26  0  0  0  0            999 V2000
    3.0791   -4.7439    0.0000 O   0  0  0  0  0  0  0  0  0  0  0  0
    6.6515    3.9188    0.0000 O   0  0  0  0  0  0  0  0  0  0  0  0
    5.2224    3.9188    0.0000 O   0  0  0  0  0  0  0  0  0  0  0  0
    2.3645   -2.6813    0.0000 C   0  0  0  0  0  0  0  0  0  0  0  0
    3.0791   -2.2688    0.0000 C   0  0  0  0  0  0  0  0  0  0  0  0
    2.3645   -3.5063    0.0000 C   0  0  0  0  0  0  0  0  0  0  0  0
    3.7935   -2.6813    0.0000 C   0  0  0  0  0  0  0  0  0  0  0  0
    3.0791   -3.9188    0.0000 C   0  0  0  0  0  0  0  0  0  0  0  0
    3.7935   -3.5063    0.0000 C   0  0  0  0  0  0  0  0  0  0  0  0
    1.6500   -2.2688    0.0000 C   0  0  0  0  0  0  0  0  0  0  0  0
    3.0791   -1.4438    0.0000 C   0  0  0  0  0  0  0  0  0  0  0  0
    1.6500   -3.9188    0.0000 C   0  0  0  0  0  0  0  0  0  0  0  0
    4.5080   -2.2688    0.0000 C   0  0  0  0  0  0  0  0  0  0  0  0
    3.7935   -1.0313    0.0000 C   0  0  0  0  0  0  0  0  0  0  0  0
    3.7935   -0.2063    0.0000 C   0  0  0  0  0  0  0  0  0  0  0  0
    3.7935   -5.1564    0.0000 C   0  0  0  0  0  0  0  0  0  0  0  0
    3.0791    0.2063    0.0000 C   0  0  0  0  0  0  0  0  0  0  0  0
    4.5080    0.2063    0.0000 C   0  0  0  0  0  0  0  0  0  0  0  0
    4.5080    1.0313    0.0000 C   0  0  0  0  0  0  0  0  0  0  0  0
    5.2224    1.4438    0.0000 C   0  0  0  0  0  0  0  0  0  0  0  0
    5.2224    2.2688    0.0000 C   0  0  0  0  0  0  0  0  0  0  0  0
    4.5080    2.6813    0.0000 C   0  0  0  0  0  0  0  0  0  0  0  0
    5.9370    2.6813    0.0000 C   0  0  0  0  0  0  0  0  0  0  0  0
    5.9370    3.5063    0.0000 C   0  0  0  0  0  0  0  0  0  0  0  0
    6.6515    4.7439    0.0000 C   0  0  0  0  0  0  0  0  0  0  0  0
    7.3659    5.1564    0.0000 C   0  0  0  0  0  0  0  0  0  0  0  0
  1  8  1  0  0  0  0
  1 16  1  0  0  0  0
  2 24  1  0  0  0  0
  2 25  1  0  0  0  0
  3 24  2  0  0  0  0
  4  5  2  0  0  0  0
  4  6  1  0  0  0  0
  4 10  1  0  0  0  0
  5  7  1  0  0  0  0
  5 11  1  0  0  0  0
  6  8  2  0  0  0  0
  6 12  1  0  0  0  0
  7  9  2  0  0  0  0
  7 13  1  0  0  0  0
  8  9  1  0  0  0  0
 11 14  2  3  0  0  0
 14 15  1  0  0  0  0
 15 17  1  0  0  0  0
 15 18  2  3  0  0  0
 18 19  1  0  0  0  0
 19 20  2  3  0  0  0
 20 21  1  0  0  0  0
 21 22  1  0  0  0  0
 21 23  2  3  0  0  0
 23 24  1  0  0  0  0
 25 26  1  0  0  0  0
M  END
