7344-42-5.mol
  ChemDraw08041020392D

 29 32  0  0  0  0  0  0  0  0999 V2000
    0.3385    0.7428    0.0000 C   0  0  0  0  0  0  0  0  0  0  0  0
    0.3484   -0.0592    0.0000 C   0  0  0  0  0  0  0  0  0  0  0  0
    1.0880    1.0912    0.0000 C   0  0  0  0  0  0  0  0  0  0  0  0
   -0.3911    1.0584    0.0000 N   0  0  0  0  0  0  0  0  0  0  0  0
    1.0254   -0.4634    0.0000 C   0  0  0  0  0  0  0  0  0  0  0  0
   -0.5062   -0.2564    0.0000 N   0  0  0  0  0  0  0  0  0  0  0  0
    1.6926    0.5258    0.0000 C   0  0  0  0  0  0  0  0  0  0  0  0
    1.2753    1.8702    0.0000 C   0  0  0  0  0  0  0  0  0  0  0  0
   -0.9136    0.4437    0.0000 C   0  0  0  0  0  0  0  0  0  0  0  0
    0.7855   -1.2588    0.0000 C   0  0  0  0  0  0  0  0  0  0  0  0
    1.8635   -0.2333    0.0000 C   0  0  0  0  0  0  0  0  0  0  0  0
    2.4683    0.7658    0.0000 C   0  0  0  0  0  0  0  0  0  0  0  0
    2.0706    2.1330    0.0000 C   0  0  0  0  0  0  0  0  0  0  0  0
   -1.7255    0.4437    0.0000 C   0  0  0  0  0  0  0  0  0  0  0  0
    1.3935   -1.8438    0.0000 C   0  0  0  0  0  0  0  0  0  0  0  0
    2.3763   -0.7888    0.0000 C   0  0  0  0  0  0  0  0  0  0  0  0
    2.6557    1.5711    0.0000 C   0  0  0  0  0  0  0  0  0  0  0  0
   -2.1133    1.1733    0.0000 C   0  0  0  0  0  0  0  0  0  0  0  0
   -2.1560   -0.2333    0.0000 C   0  0  0  0  0  0  0  0  0  0  0  0
    2.1857   -1.6006    0.0000 C   0  0  0  0  0  0  0  0  0  0  0  0
    3.4609    1.8209    0.0000 O   0  0  0  0  0  0  0  0  0  0  0  0
   -2.9712    1.1733    0.0000 C   0  0  0  0  0  0  0  0  0  0  0  0
   -1.7058    1.8833    0.0000 F   0  0  0  0  0  0  0  0  0  0  0  0
   -2.9810   -0.2235    0.0000 C   0  0  0  0  0  0  0  0  0  0  0  0
    2.7905   -2.1330    0.0000 O   0  0  0  0  0  0  0  0  0  0  0  0
    4.0886    1.2654    0.0000 C   0  0  0  0  0  0  0  0  0  0  0  0
   -3.3787    0.4963    0.0000 C   0  0  0  0  0  0  0  0  0  0  0  0
    3.5858   -1.8833    0.0000 C   0  0  0  0  0  0  0  0  0  0  0  0
   -4.0886    0.4963    0.0000 F   0  0  0  0  0  0  0  0  0  0  0  0
  1  2  2  0      
  1  3  1  0      
  1  4  1  0      
  2  5  1  0      
  2  6  1  0      
  3  7  2  0      
  3  8  1  0      
  4  9  1  0      
  5 10  2  0      
  5 11  1  0      
  6  9  2  0      
  7 12  1  0      
  8 13  2  0      
  9 14  1  0      
 10 15  1  0      
 11 16  2  0      
 12 17  2  0      
 13 17  1  0      
 14 18  2  0      
 14 19  1  0      
 15 20  2  0      
 16 20  1  0      
 17 21  1  0      
 18 22  1  0      
 18 23  1  0      
 19 24  2  0      
 20 25  1  0      
 21 26  1  0      
 22 27  2  0      
 24 27  1  0      
 25 28  1  0      
 27 29  1  0      
M  END
