
  Mrv1909 02192003422D          

 20 22  0  0  0  0            999 V2000
    0.4822    0.5251    0.0000 C   0  0  0  0  0  0  0  0  0  0  0  0
    1.2690    0.2787    0.0000 N   0  0  0  0  0  0  0  0  0  0  0  0
    0.4822    1.3594    0.0000 C   0  0  0  0  0  0  0  0  0  0  0  0
   -0.2244    0.1203    0.0000 N   0  0  0  0  0  0  0  0  0  0  0  0
    1.2276   -1.1547    0.0000 C   0  0  2  0  0  0  0  0  0  0  0  0
    1.7433    0.9423    0.0000 C   0  0  0  0  0  0  0  0  0  0  0  0
    1.2690    1.6094    0.0000 N   0  0  0  0  0  0  0  0  0  0  0  0
   -0.2244    1.7676    0.0000 C   0  0  0  0  0  0  0  0  0  0  0  0
   -0.9495    0.5251    0.0000 C   0  0  0  0  0  0  0  0  0  0  0  0
    0.5635   -0.6643    0.0000 O   0  0  0  0  0  0  0  0  0  0  0  0
    0.9729   -1.9339    0.0000 C   0  0  2  0  0  0  0  0  0  0  0  0
   -0.9495    1.3594    0.0000 N   0  0  0  0  0  0  0  0  0  0  0  0
   -0.2244    2.5972    0.0000 N   0  0  0  0  0  0  0  0  0  0  0  0
   -1.6632    0.1203    0.0000 F   0  0  0  0  0  0  0  0  0  0  0  0
   -0.0958   -1.1431    0.0000 C   0  0  1  0  0  0  0  0  0  0  0  0
    0.1512   -1.9377    0.0000 C   0  0  1  0  0  0  0  0  0  0  0  0
    1.4402   -2.5972    0.0000 O   0  0  0  0  0  0  0  0  0  0  0  0
   -0.7590   -0.4589    0.0000 C   0  0  0  0  0  0  0  0  0  0  0  0
   -0.3430   -2.5857    0.0000 O   0  0  0  0  0  0  0  0  0  0  0  0
   -1.7433   -0.8395    0.0000 O   0  0  0  0  0  0  0  0  0  0  0  0
  1  2  1  0  0  0  0
  1  3  2  0  0  0  0
  1  4  1  0  0  0  0
  5  2  1  1  0  0  0
  2  6  1  0  0  0  0
  3  7  1  0  0  0  0
  3  8  1  0  0  0  0
  4  9  2  0  0  0  0
  5 10  1  0  0  0  0
  5 11  1  0  0  0  0
  8 12  2  0  0  0  0
  8 13  1  0  0  0  0
  9 14  1  0  0  0  0
 10 15  1  0  0  0  0
 11 16  1  0  0  0  0
 11 17  1  1  0  0  0
 15 18  1  1  0  0  0
 16 19  1  6  0  0  0
 18 20  1  0  0  0  0
  6  7  2  0  0  0  0
  9 12  1  0  0  0  0
 15 16  1  0  0  0  0
M  END
