
  Mrv1718007041819302D          

 25 29  0  0  0  0            999 V2000
    2.8579    1.7935    0.0000 O   0  0  0  0  0  0  0  0  0  0  0  0
    2.1434    1.3809    0.0000 C   0  0  0  0  0  0  0  0  0  0  0  0
    1.4289    0.1434    0.0000 C   0  0  0  0  0  0  0  0  0  0  0  0
    2.1434    0.5559    0.0000 C   0  0  0  0  0  0  0  0  0  0  0  0
    0.0000    0.1434    0.0000 C   0  0  0  0  0  0  0  0  0  0  0  0
    0.7145    0.5559    0.0000 C   0  0  0  0  0  0  0  0  0  0  0  0
   -0.7145    0.5559    0.0000 C   0  0  0  0  0  0  0  0  0  0  0  0
    0.7145    1.3809    0.0000 C   0  0  0  0  0  0  0  0  0  0  0  0
   -0.7145    1.3809    0.0000 C   0  0  0  0  0  0  0  0  0  0  0  0
   -1.4289    0.1434    0.0000 C   0  0  0  0  0  0  0  0  0  0  0  0
    1.4289    1.7935    0.0000 C   0  0  0  0  0  0  0  0  0  0  0  0
    0.0000    1.7935    0.0000 O   0  0  0  0  0  0  0  0  0  0  0  0
   -1.4289    1.7935    0.0000 C   0  0  0  0  0  0  0  0  0  0  0  0
   -2.1434    0.5559    0.0000 C   0  0  0  0  0  0  0  0  0  0  0  0
   -2.1434    1.3809    0.0000 C   0  0  0  0  0  0  0  0  0  0  0  0
   -2.8579    1.7935    0.0000 O   0  0  0  0  0  0  0  0  0  0  0  0
    0.4125   -1.1261    0.0000 C   0  0  0  0  0  0  0  0  0  0  0  0
    0.6674   -0.3413    0.0000 O   0  0  0  0  0  0  0  0  0  0  0  0
   -0.4125   -1.1261    0.0000 C   0  0  0  0  0  0  0  0  0  0  0  0
   -0.6674   -0.3413    0.0000 C   0  0  0  0  0  0  0  0  0  0  0  0
   -1.4744   -0.1698    0.0000 C   0  0  0  0  0  0  0  0  0  0  0  0
   -2.0264   -0.7830    0.0000 C   0  0  0  0  0  0  0  0  0  0  0  0
   -0.9645   -1.7392    0.0000 C   0  0  0  0  0  0  0  0  0  0  0  0
    0.8974   -1.7935    0.0000 O   0  0  0  0  0  0  0  0  0  0  0  0
   -1.7715   -1.5676    0.0000 C   0  0  0  0  0  0  0  0  0  0  0  0
  2  1  1  0  0  0  0
  4  2  2  0  0  0  0
  3  4  1  0  0  0  0
 18  5  1  0  0  0  0
  5 20  1  0  0  0  0
  6  3  2  0  0  0  0
  5  6  1  0  0  0  0
  5  7  1  0  0  0  0
  6  8  1  0  0  0  0
  7  9  1  0  0  0  0
  7 10  2  0  0  0  0
 11  2  1  0  0  0  0
  8 11  2  0  0  0  0
  9 12  1  0  0  0  0
  8 12  1  0  0  0  0
  9 13  2  0  0  0  0
 10 14  1  0  0  0  0
 13 15  1  0  0  0  0
 14 15  2  0  0  0  0
 15 16  1  0  0  0  0
 17 18  1  0  0  0  0
 19 17  1  0  0  0  0
 17 24  2  0  0  0  0
 19 20  2  0  0  0  0
 23 19  1  0  0  0  0
 20 21  1  0  0  0  0
 21 22  2  0  0  0  0
 22 25  1  0  0  0  0
 25 23  2  0  0  0  0
M  END
