 
  Mrv0541 06161316122D          
 
 36 39  0  0  1  0            999 V2000
   11.7122  -16.9826    0.0000 C   0  0  0  0  0  0  0  0  0  0  0  0
   11.7122  -17.7774    0.0000 C   0  0  0  0  0  0  0  0  0  0  0  0
   12.4233  -18.1957    0.0000 C   0  0  0  0  0  0  0  0  0  0  0  0
   13.0925  -17.7774    0.0000 C   0  0  0  0  0  0  0  0  0  0  0  0
   13.0925  -16.9826    0.0000 C   0  0  2  0  0  0  0  0  0  0  0  0
   12.4233  -16.5643    0.0000 C   0  0  0  0  0  0  0  0  0  0  0  0
   13.8036  -18.1957    0.0000 C   0  0  2  0  0  0  0  0  0  0  0  0
   14.5565  -17.7774    0.0000 C   0  0  0  0  0  0  0  0  0  0  0  0
   14.5565  -16.9826    0.0000 C   0  0  2  0  0  0  0  0  0  0  0  0
   13.8036  -16.5643    0.0000 C   0  0  2  0  0  0  0  0  0  0  0  0
   15.1840  -16.5643    0.0000 C   0  0  1  0  0  0  0  0  0  0  0  0
   15.1840  -15.7696    0.0000 C   0  0  2  0  0  0  0  0  0  0  0  0
   14.5565  -15.3513    0.0000 C   0  0  0  0  0  0  0  0  0  0  0  0
   13.8036  -15.7696    0.0000 C   0  0  2  0  0  0  0  0  0  0  0  0
   16.5643  -16.5643    0.0000 C   0  0  0  0  0  0  0  0  0  0  0  0
   16.5643  -15.7696    0.0000 C   0  0  2  0  0  0  0  0  0  0  0  0
   15.8533  -15.3513    0.0000 C   0  0  1  0  0  0  0  0  0  0  0  0
   11.0011  -18.1957    0.0000 O   0  0  0  0  0  0  0  0  0  0  0  0
   13.0925  -16.1461    0.0000 C   0  0  0  0  0  0  0  0  0  0  0  0
   13.8036  -17.3591    0.0000 F   0  0  0  0  0  0  0  0  0  0  0  0
   14.5565  -16.1461    0.0000 H   0  0  0  0  0  0  0  0  0  0  0  0
   13.0925  -15.3513    0.0000 O   0  0  0  0  0  0  0  0  0  0  0  0
   15.1840  -17.3591    0.0000 H   0  0  0  0  0  0  0  0  0  0  0  0
   15.1840  -14.9330    0.0000 C   0  0  0  0  0  0  0  0  0  0  0  0
   16.6898  -14.8075    0.0000 O   0  0  0  0  0  0  0  0  0  0  0  0
   17.4009  -15.7696    0.0000 C   0  0  0  0  0  0  0  0  0  0  0  0
   13.8036  -19.0323    0.0000 F   0  0  0  0  0  0  0  0  0  0  0  0
   15.8533  -14.5147    0.0000 C   0  0  0  0  0  0  0  0  0  0  0  0
   16.6062  -14.0964    0.0000 O   0  0  0  0  0  0  0  0  0  0  0  0
   15.1003  -14.0964    0.0000 S   0  0  0  0  0  0  0  0  0  0  0  0
   14.3892  -14.5147    0.0000 C   0  0  0  0  0  0  0  0  0  0  0  0
   13.6781  -14.0964    0.0000 F   0  0  0  0  0  0  0  0  0  0  0  0
   17.4009  -14.3892    0.0000 C   0  0  0  0  0  0  0  0  0  0  0  0
   18.1120  -14.8075    0.0000 C   0  0  0  0  0  0  0  0  0  0  0  0
   18.8231  -14.3892    0.0000 C   0  0  0  0  0  0  0  0  0  0  0  0
   17.4009  -13.5526    0.0000 O   0  0  0  0  0  0  0  0  0  0  0  0
  1  2  1  0  0  0  0
  2  3  1  0  0  0  0
  3  4  2  0  0  0  0
  4  5  1  0  0  0  0
  5  6  1  0  0  0  0
  1  6  2  0  0  0  0
  4  7  1  0  0  0  0
  7  8  1  0  0  0  0
  8  9  1  0  0  0  0
  9 10  1  0  0  0  0
  5 10  1  0  0  0  0
  9 11  1  0  0  0  0
 11 12  1  0  0  0  0
 12 13  1  0  0  0  0
 13 14  1  0  0  0  0
 10 14  1  0  0  0  0
 11 15  1  0  0  0  0
 15 16  1  0  0  0  0
 16 17  1  0  0  0  0
 12 17  1  0  0  0  0
  2 18  2  0  0  0  0
  5 19  1  1  0  0  0
 10 20  1  6  0  0  0
  9 21  1  1  0  0  0
 14 22  1  1  0  0  0
 11 23  1  6  0  0  0
 12 24  1  1  0  0  0
 17 25  1  6  0  0  0
 16 26  1  6  0  0  0
  7 27  1  6  0  0  0
 17 28  1  1  0  0  0
 28 29  2  0  0  0  0
 28 30  1  0  0  0  0
 30 31  1  0  0  0  0
 31 32  1  0  0  0  0
 33 34  1  0  0  0  0
 33 25  1  0  0  0  0
 34 35  1  0  0  0  0
 33 36  2  0  0  0  0
M  END
