
  Mrv1909 05262019192D          

 22 25  0  0  0  0            999 V2000
    1.0304    1.5493    0.0000 C   0  0  0  0  0  0  0  0  0  0  0  0
    1.0305    0.1204    0.0000 C   0  0  2  0  0  0  0  0  0  0  0  0
    1.8554    0.1203    0.0000 C   0  0  0  0  0  0  0  0  0  0  0  0
    2.2679    0.8348    0.0000 C   0  0  0  0  0  0  0  0  0  0  0  0
   -0.9819   -1.2879    0.0000 C   0  0  0  0  0  0  0  0  0  0  0  0
   -0.2674   -1.7005    0.0000 C   0  0  0  0  0  0  0  0  0  0  0  0
    1.8555    1.5493    0.0000 C   0  0  2  0  0  0  0  0  0  0  0  0
    2.2680    2.2638    0.0000 O   0  0  0  0  0  0  0  0  0  0  0  0
   -0.2673   -0.0504    0.0000 C   0  0  0  0  0  0  0  0  0  0  0  0
   -0.1206    0.7614    0.0000 O   0  0  0  0  0  0  0  0  0  0  0  0
    0.6180    0.8349    0.0000 C   0  0  1  0  0  0  0  0  0  0  0  0
    0.2055    1.5493    0.0000 H   0  0  0  0  0  0  0  0  0  0  0  0
   -0.9819   -0.4628    0.0000 C   0  0  0  0  0  0  0  0  0  0  0  0
    0.4471   -0.4628    0.0000 C   0  0  0  0  0  0  0  0  0  0  0  0
    0.4471   -1.2879    0.0000 C   0  0  0  0  0  0  0  0  0  0  0  0
    1.0921   -1.8023    0.0000 C   0  0  0  0  0  0  0  0  0  0  0  0
    2.2544   -0.8755    0.0000 C   0  0  0  0  0  0  0  0  0  0  0  0
    1.8964   -0.1322    0.0000 C   0  0  0  0  0  0  0  0  0  0  0  0
    1.8964   -1.6188    0.0000 N   0  0  0  0  0  0  0  0  0  0  0  0
    2.4108   -2.2638    0.0000 C   0  0  0  0  0  0  0  0  0  0  0  0
   -1.6963   -0.0505    0.0000 O   0  0  0  0  0  0  0  0  0  0  0  0
   -2.4108   -0.4629    0.0000 C   0  0  0  0  0  0  0  0  0  0  0  0
  1 11  1  0  0  0  0
  1  7  1  0  0  0  0
 11  2  1  0  0  0  0
  3  4  2  0  0  0  0
  4  7  1  0  0  0  0
  5  6  2  0  0  0  0
  5 13  1  0  0  0  0
  6 15  1  0  0  0  0
 14  9  1  0  0  0  0
  9 13  2  0  0  0  0
 14  2  1  0  0  0  0
  7  8  1  1  0  0  0
  9 10  1  0  0  0  0
 10 11  1  0  0  0  0
 11 12  1  6  0  0  0
 13 21  1  0  0  0  0
 15 16  1  0  0  0  0
 16 19  1  0  0  0  0
 19 17  1  0  0  0  0
 17 18  1  0  0  0  0
 19 20  1  0  0  0  0
 15 14  2  0  0  0  0
  3  2  1  0  0  0  0
  2 18  1  6  0  0  0
 21 22  1  0  0  0  0
M  END
