15686-77-8.mol
  ChemDraw06210914412D

 22 23  0  0  0  0  0  0  0  0999 V2000
   -0.6740    0.4866    0.0000 C   0  0  0  0  0  0  0  0  0  0  0  0
   -0.6740   -0.5859    0.0000 C   0  0  0  0  0  0  0  0  0  0  0  0
   -1.4990   -0.5859    0.0000 C   0  0  0  0  0  0  0  0  0  0  0  0
   -1.9115   -1.3004    0.0000 C   0  0  0  0  0  0  0  0  0  0  0  0
   -0.6740   -1.4109    0.0000 O   0  0  0  0  0  0  0  0  0  0  0  0
    0.2548    1.0228    0.0000 N   0  0  0  0  0  0  0  0  0  0  0  0
    1.0085    0.6873    0.0000 N   0  0  0  0  0  0  0  0  0  0  0  0
    1.5605    1.3004    0.0000 C   0  0  0  0  0  0  0  0  0  0  0  0
    1.1480    2.0149    0.0000 N   0  0  0  0  0  0  0  0  0  0  0  0
    0.3410    1.8433    0.0000 C   0  0  0  0  0  0  0  0  0  0  0  0
   -1.9115    0.1286    0.0000 S   0  0  0  0  0  0  0  0  0  0  0  0
   -1.1970    0.5411    0.0000 O   0  0  0  0  0  0  0  0  0  0  0  0
   -2.6260   -0.2839    0.0000 O   0  0  0  0  0  0  0  0  0  0  0  0
   -2.3240    0.8430    0.0000 C   0  0  0  0  0  0  0  0  0  0  0  0
    0.1510   -0.5859    0.0000 C   0  0  0  0  0  0  0  0  0  0  0  0
    0.5635   -1.3004    0.0000 C   0  0  0  0  0  0  0  0  0  0  0  0
    1.3885   -1.3004    0.0000 C   0  0  0  0  0  0  0  0  0  0  0  0
    1.8010   -0.5859    0.0000 C   0  0  0  0  0  0  0  0  0  0  0  0
    1.3885    0.1286    0.0000 C   0  0  0  0  0  0  0  0  0  0  0  0
    0.5635    0.1286    0.0000 C   0  0  0  0  0  0  0  0  0  0  0  0
    2.6260   -0.5859    0.0000 F   0  0  0  0  0  0  0  0  0  0  0  0
    0.1510   -2.0149    0.0000 F   0  0  0  0  0  0  0  0  0  0  0  0
  1  2  1  0      
  2  3  1  0      
  3  4  1  1      
  2  5  1  1      
  6  7  1  0      
  7  8  2  0      
  8  9  1  0      
  9 10  2  0      
  6 10  1  0      
  1  6  1  0      
 11 12  2  0      
 11 13  2  0      
 11 14  1  0      
  3 11  1  0      
 15 16  1  0      
 16 17  2  0      
 17 18  1  0      
 18 19  2  0      
 19 20  1  0      
 15 20  2  0      
 18 21  1  0      
 16 22  1  0      
  2 15  1  0      
M  END
