
  Mrv0541 02241213002D          

 30 35  0  0  1  0            999 V2000
    6.0247   -9.1250    0.0000 C   0  0  0  0  0  0  0  0  0  0  0  0
    6.0247   -9.9501    0.0000 O   0  0  0  0  0  0  0  0  0  0  0  0
    6.8094  -10.2050    0.0000 C   0  0  2  0  0  0  0  0  0  0  0  0
    7.2943   -9.5376    0.0000 C   0  0  2  0  0  0  0  0  0  0  0  0
    6.8094   -8.8701    0.0000 C   0  0  2  0  0  0  0  0  0  0  0  0
    8.0789  -10.6176    0.0000 C   0  0  2  0  0  0  0  0  0  0  0  0
    8.0789   -9.7925    0.0000 C   0  0  1  0  0  0  0  0  0  0  0  0
    8.8636  -10.8724    0.0000 C   0  0  2  0  0  0  0  0  0  0  0  0
    9.3485  -10.2050    0.0000 C   0  0  2  0  0  0  0  0  0  0  0  0
    8.8636   -9.5376    0.0000 O   0  0  0  0  0  0  0  0  0  0  0  0
   10.1332  -10.4599    0.0000 O   0  0  0  0  0  0  0  0  0  0  0  0
   10.1332  -11.2849    0.0000 C   0  0  0  0  0  0  0  0  0  0  0  0
    9.3485  -11.5399    0.0000 C   0  0  2  0  0  0  0  0  0  0  0  0
    5.3573   -8.6401    0.0000 O   0  0  0  0  0  0  0  0  0  0  0  0
    7.2943  -10.8724    0.0000 C   0  0  1  0  0  0  0  0  0  0  0  0
    7.5940  -11.2849    0.0000 C   0  0  1  0  0  0  0  0  0  0  0  0
    8.8636  -11.6974    0.0000 C   0  0  1  0  0  0  0  0  0  0  0  0
    8.0789  -11.9524    0.0000 C   0  0  0  0  0  0  0  0  0  0  0  0
   10.7306  -11.7000    0.0000 O   0  0  0  0  0  0  0  0  0  0  0  0
    7.2758   -8.5345    0.0000 O   0  0  0  0  0  0  0  0  0  0  0  0
    6.8996  -11.5872    0.0000 O   0  0  0  0  0  0  0  0  0  0  0  0
    6.7427   -8.0715    0.0000 C   0  0  0  0  0  0  0  0  0  0  0  0
    7.9285   -9.0751    0.0000 C   0  0  0  0  0  0  0  0  0  0  0  0
    7.4251  -10.0679    0.0000 O   0  0  0  0  0  0  0  0  0  0  0  0
    7.9285   -8.4319    0.0000 O   0  0  0  0  0  0  0  0  0  0  0  0
    9.7463  -12.2213    0.0000 O   0  0  0  0  0  0  0  0  0  0  0  0
    8.9213  -12.3891    0.0000 C   0  0  0  0  0  0  0  0  0  0  0  0
    8.2501  -12.8785    0.0000 C   0  0  0  0  0  0  0  0  0  0  0  0
    8.9213  -13.2141    0.0000 C   0  0  0  0  0  0  0  0  0  0  0  0
    9.5785  -12.8785    0.0000 C   0  0  0  0  0  0  0  0  0  0  0  0
  1  2  1  0  0  0  0
  3  2  1  6  0  0  0
  3  4  1  0  0  0  0
  4  5  1  0  0  0  0
  5  1  1  0  0  0  0
  6  7  1  0  0  0  0
  7  4  1  0  0  0  0
  6  8  1  0  0  0  0
  9 10  1  6  0  0  0
 10  7  1  0  0  0  0
  8  9  1  0  0  0  0
  9 11  1  0  0  0  0
 11 12  1  0  0  0  0
 12 13  1  0  0  0  0
 13  8  1  0  0  0  0
  1 14  2  0  0  0  0
  3 15  1  0  0  0  0
 15  6  1  0  0  0  0
  6 16  1  1  0  0  0
  8 17  1  1  0  0  0
 17 18  1  0  0  0  0
 16 18  1  1  0  0  0
 12 19  2  0  0  0  0
  4 20  1  1  0  0  0
 15 21  1  1  0  0  0
  5 22  1  1  0  0  0
  7 23  1  1  0  0  0
 23 24  1  0  0  0  0
 24 16  1  0  0  0  0
 23 25  2  0  0  0  0
 13 26  1  6  0  0  0
 17 27  1  6  0  0  0
 27 28  1  0  0  0  0
 27 29  1  0  0  0  0
 27 30  1  0  0  0  0
M  END
