
  Mrv1718012121822412D          

 31 33  0  0  0  0            999 V2000
    1.7309   -2.5302    0.0000 S   0  0  0  0  0  0  0  0  0  0  0  0
    1.0164   -2.9427    0.0000 N   0  0  0  0  0  0  0  0  0  0  0  0
    0.3019   -2.5302    0.0000 C   0  0  0  0  0  0  0  0  0  0  0  0
   -0.4125    2.0072    0.0000 C   0  0  0  0  0  0  0  0  0  0  0  0
   -1.1270    2.4197    0.0000 N   0  0  0  0  0  0  0  0  0  0  0  0
    0.3019    2.4197    0.0000 C   0  0  0  0  0  0  0  0  0  0  0  0
    1.7308   -1.7052    0.0000 C   0  0  0  0  0  0  0  0  0  0  0  0
   -1.1270    0.7697    0.0000 N   0  0  0  0  0  0  0  0  0  0  0  0
   -0.4125   -2.9427    0.0000 N   0  0  0  0  0  0  0  0  0  0  0  0
   -0.4125    1.1822    0.0000 C   0  0  0  0  0  0  0  0  0  0  0  0
    0.3019   -1.7052    0.0000 O   0  0  0  0  0  0  0  0  0  0  0  0
    0.3019    3.2447    0.0000 O   0  0  0  0  0  0  0  0  0  0  0  0
    1.0163    2.0072    0.0000 N   0  0  0  0  0  0  0  0  0  0  0  0
    2.4453   -1.2927    0.0000 C   0  0  0  0  0  0  0  0  0  0  0  0
    1.0164   -1.2927    0.0000 C   0  0  0  0  0  0  0  0  0  0  0  0
   -1.8414    2.0072    0.0000 C   0  0  0  0  0  0  0  0  0  0  0  0
   -1.8414    1.1822    0.0000 C   0  0  0  0  0  0  0  0  0  0  0  0
    2.4453   -0.4677    0.0000 C   0  0  0  0  0  0  0  0  0  0  0  0
    1.0164   -0.4677    0.0000 C   0  0  0  0  0  0  0  0  0  0  0  0
    1.7308   -0.0552    0.0000 C   0  0  0  0  0  0  0  0  0  0  0  0
   -1.1269   -2.5302    0.0000 C   0  0  0  0  0  0  0  0  0  0  0  0
    1.0164    1.1822    0.0000 C   0  0  0  0  0  0  0  0  0  0  0  0
    1.7308    0.7697    0.0000 C   0  0  0  0  0  0  0  0  0  0  0  0
   -2.5559    0.7697    0.0000 C   0  0  0  0  0  0  0  0  0  0  0  0
   -1.1269   -1.7052    0.0000 C   0  0  0  0  0  0  0  0  0  0  0  0
   -1.8414   -2.9427    0.0000 C   0  0  0  0  0  0  0  0  0  0  0  0
   -1.8414   -1.2927    0.0000 C   0  0  0  0  0  0  0  0  0  0  0  0
   -2.5559   -2.5302    0.0000 C   0  0  0  0  0  0  0  0  0  0  0  0
   -2.5559   -1.7052    0.0000 C   0  0  0  0  0  0  0  0  0  0  0  0
    2.5559   -2.5302    0.0000 O   0  0  0  0  0  0  0  0  0  0  0  0
    2.1434   -3.2447    0.0000 O   0  0  0  0  0  0  0  0  0  0  0  0
  2  1  1  0  0  0  0
  7  1  1  0  0  0  0
  3  2  1  0  0  0  0
  9  3  1  0  0  0  0
 11  3  2  0  0  0  0
  6  4  1  0  0  0  0
  5  4  1  0  0  0  0
 10  4  2  0  0  0  0
 16  5  2  0  0  0  0
 13  6  1  0  0  0  0
 12  6  2  0  0  0  0
 14  7  2  0  0  0  0
 15  7  1  0  0  0  0
 10  8  1  0  0  0  0
 17  8  2  0  0  0  0
 21  9  1  0  0  0  0
 22 13  1  0  0  0  0
 18 14  1  0  0  0  0
 19 15  2  0  0  0  0
 17 16  1  0  0  0  0
 24 17  1  0  0  0  0
 20 18  2  0  0  0  0
 20 19  1  0  0  0  0
 23 20  1  0  0  0  0
 25 21  1  0  0  0  0
 26 21  1  0  0  0  0
 23 22  1  0  0  0  0
 27 25  1  0  0  0  0
 28 26  1  0  0  0  0
 29 27  1  0  0  0  0
 29 28  1  0  0  0  0
 30  1  2  0  0  0  0
 31  1  2  0  0  0  0
M  END
