
  Mrv1718009121811092D          

 23 25  0  0  0  0            999 V2000
   -0.2945   -0.6085    0.0000 C   0  0  0  0  0  0  0  0  0  0  0  0
   -1.0191   -0.2173    0.0000 C   0  0  0  0  0  0  0  0  0  0  0  0
    2.4391   -0.6085    0.0000 N   0  3  0  0  0  0  0  0  0  0  0  0
    0.4250   -0.2173    0.0000 O   0  0  0  0  0  0  0  0  0  0  0  0
   -0.2945   -1.4200    0.0000 O   0  0  0  0  0  0  0  0  0  0  0  0
    1.1108   -0.6230    0.0000 C   0  0  0  0  0  0  0  0  0  0  0  0
   -1.7291   -0.6085    0.0000 C   0  0  0  0  0  0  0  0  0  0  0  0
    1.7774   -0.1303    0.0000 C   0  0  0  0  0  0  0  0  0  0  0  0
    2.1541   -1.3909    0.0000 C   0  0  0  0  0  0  0  0  0  0  0  0
   -1.4392    0.4975    0.0000 C   0  0  0  0  0  0  0  0  0  0  0  0
    1.3572   -1.3909    0.0000 C   0  0  0  0  0  0  0  0  0  0  0  0
   -0.6133    0.4975    0.0000 O   0  0  0  0  0  0  0  0  0  0  0  0
    3.1490   -0.1979    0.0000 C   0  0  0  0  0  0  0  0  0  0  0  0
    3.1490   -1.0239    0.0000 C   0  0  0  0  0  0  0  0  0  0  0  0
   -2.4391   -0.1883    0.0000 C   0  0  0  0  0  0  0  0  0  0  0  0
   -1.7291   -1.4200    0.0000 C   0  0  0  0  0  0  0  0  0  0  0  0
   -2.2314    0.7389    0.0000 C   0  0  0  0  0  0  0  0  0  0  0  0
   -0.9708    1.1834    0.0000 C   0  0  0  0  0  0  0  0  0  0  0  0
   -3.1490   -0.6085    0.0000 C   0  0  0  0  0  0  0  0  0  0  0  0
   -2.4391   -1.8401    0.0000 C   0  0  0  0  0  0  0  0  0  0  0  0
   -1.4682    1.8401    0.0000 C   0  0  0  0  0  0  0  0  0  0  0  0
   -2.2506    1.5648    0.0000 C   0  0  0  0  0  0  0  0  0  0  0  0
   -3.1490   -1.4200    0.0000 C   0  0  0  0  0  0  0  0  0  0  0  0
  2  1  1  0  0  0  0
  3  8  1  0  0  0  0
  4  1  1  0  0  0  0
  5  1  2  0  0  0  0
  6  4  1  0  0  0  0
  7  2  1  0  0  0  0
  8  6  1  0  0  0  0
  9 11  1  0  0  0  0
 10  2  1  0  0  0  0
 11  6  1  0  0  0  0
 12  2  1  0  0  0  0
 13  3  1  0  0  0  0
 14  3  1  0  0  0  0
 15  7  1  0  0  0  0
 16  7  2  0  0  0  0
 17 10  1  0  0  0  0
 18 10  1  0  0  0  0
 19 15  2  0  0  0  0
 20 16  1  0  0  0  0
 21 18  1  0  0  0  0
 22 17  1  0  0  0  0
 23 19  1  0  0  0  0
  3  9  1  0  0  0  0
 22 21  1  0  0  0  0
 20 23  2  0  0  0  0
M  CHG  1   3   1
M  END
