
  Mrv1909 02282022442D          

  8  7  0  0  0  0            999 V2000
    1.0717    0.2062    0.0000 C   0  0  0  0  0  0  0  0  0  0  0  0
    1.0717    1.0313    0.0000 O   0  0  0  0  0  0  0  0  0  0  0  0
    0.3572   -0.2062    0.0000 C   0  0  1  0  0  0  0  0  0  0  0  0
    0.3572   -1.0313    0.0000 N   0  0  0  0  0  0  0  0  0  0  0  0
   -0.3572    0.2062    0.0000 C   0  0  0  0  0  0  0  0  0  0  0  0
    1.7864   -0.2062    0.0000 O   0  0  0  0  0  0  0  0  0  0  0  0
   -1.0717   -0.2063    0.0000 C   0  0  0  0  0  0  0  0  0  0  0  0
   -1.7864    0.2061    0.0000 S   0  0  0  0  0  0  0  0  0  0  0  0
  1  2  2  0  0  0  0
  1  3  1  0  0  0  0
  3  4  1  1  0  0  0
  3  5  1  0  0  0  0
  6  1  1  0  0  0  0
  7  5  1  0  0  0  0
  8  7  1  0  0  0  0
M  END
