
  Mrv1572004221604392D          

 15 17  0  0  0  0            999 V2000
    0.7145    1.2375    0.0000 C   0  0  0  0  0  0  0  0  0  0  0  0
    0.7145    2.0625    0.0000 C   0  0  0  0  0  0  0  0  0  0  0  0
    1.4289    0.8250    0.0000 C   0  0  0  0  0  0  0  0  0  0  0  0
    1.4289    2.4750    0.0000 C   0  0  0  0  0  0  0  0  0  0  0  0
    5.5925    2.7525    0.0000 C   0  0  0  0  0  0  0  0  0  0  0  0
    5.1800    3.4670    0.0000 C   0  0  0  0  0  0  0  0  0  0  0  0
    3.5724    1.2375    0.0000 C   0  0  0  0  0  0  0  0  0  0  0  0
    2.1434    1.2375    0.0000 C   0  0  0  0  0  0  0  0  0  0  0  0
    2.1434    2.0625    0.0000 C   0  0  0  0  0  0  0  0  0  0  0  0
    3.5724    2.0625    0.0000 C   0  0  0  0  0  0  0  0  0  0  0  0
    4.2868    2.4750    0.0000 C   0  0  0  0  0  0  0  0  0  0  0  0
    5.0405    2.1394    0.0000 N   0  0  0  0  0  0  0  0  0  0  0  0
    4.3731    3.2955    0.0000 N   0  0  0  0  0  0  0  0  0  0  0  0
    2.8579    0.8250    0.0000 O   0  0  0  0  0  0  0  0  0  0  0  0
    2.8579    2.4750    0.0000 O   0  0  0  0  0  0  0  0  0  0  0  0
  2  1  2  0  0  0  0
  3  1  1  0  0  0  0
  4  2  1  0  0  0  0
  6  5  1  0  0  0  0
  8  3  2  0  0  0  0
  9  4  2  0  0  0  0
  9  8  1  0  0  0  0
 10  7  1  0  0  0  0
 11 10  1  0  0  0  0
 12  5  1  0  0  0  0
 12 11  2  0  0  0  0
 13  6  1  0  0  0  0
 13 11  1  0  0  0  0
 14  7  1  0  0  0  0
 14  8  1  0  0  0  0
 15  9  1  0  0  0  0
 15 10  1  0  0  0  0
M  END
