
  Mrv1572004221607022D          

 22 24  0  0  0  0            999 V2000
   -3.8837    2.2374    0.0000 C   0  0  0  0  0  0  0  0  0  0  0  0
   -3.0587    2.2374    0.0000 C   0  0  0  0  0  0  0  0  0  0  0  0
    3.3523    1.1104    0.0000 C   0  0  0  0  0  0  0  0  0  0  0  0
    3.3523    1.9354    0.0000 C   0  0  0  0  0  0  0  0  0  0  0  0
    2.6378    0.6979    0.0000 C   0  0  0  0  0  0  0  0  0  0  0  0
    2.6378    2.3479    0.0000 C   0  0  0  0  0  0  0  0  0  0  0  0
   -1.4087    0.8085    0.0000 C   0  0  0  0  0  0  0  0  0  0  0  0
   -1.4087    2.2374    0.0000 C   0  0  0  0  0  0  0  0  0  0  0  0
   -0.5837    0.8085    0.0000 C   0  0  0  0  0  0  0  0  0  0  0  0
   -0.5837    2.2374    0.0000 C   0  0  0  0  0  0  0  0  0  0  0  0
    1.1387    0.8555    0.0000 C   0  0  0  0  0  0  0  0  0  0  0  0
   -1.8212    1.5229    0.0000 C   0  0  0  0  0  0  0  0  0  0  0  0
    1.9233    1.1104    0.0000 C   0  0  0  0  0  0  0  0  0  0  0  0
   -0.1712    1.5229    0.0000 C   0  0  0  0  0  0  0  0  0  0  0  0
   -2.6462    1.5229    0.0000 C   0  0  0  0  0  0  0  0  0  0  0  0
    1.9233    1.9354    0.0000 C   0  0  0  0  0  0  0  0  0  0  0  0
    1.1387    2.1904    0.0000 C   0  0  0  0  0  0  0  0  0  0  0  0
   -3.0587    0.8085    0.0000 C   0  0  0  0  0  0  0  0  0  0  0  0
    0.6538    1.5229    0.0000 N   0  0  0  0  0  0  0  0  0  0  0  0
    0.8838    2.9750    0.0000 O   0  0  0  0  0  0  0  0  0  0  0  0
   -2.6462    0.0940    0.0000 O   0  0  0  0  0  0  0  0  0  0  0  0
   -3.8837    0.8085    0.0000 O   0  0  0  0  0  0  0  0  0  0  0  0
  2  1  1  0  0  0  0
  4  3  2  0  0  0  0
  5  3  1  0  0  0  0
  6  4  1  0  0  0  0
  9  7  1  0  0  0  0
 10  8  2  0  0  0  0
 12  7  2  0  0  0  0
 12  8  1  0  0  0  0
 13  5  2  0  0  0  0
 13 11  1  0  0  0  0
 14  9  2  0  0  0  0
 14 10  1  0  0  0  0
 15  2  1  0  0  0  0
 15 12  1  0  0  0  0
 16  6  2  0  0  0  0
 16 13  1  0  0  0  0
 17 16  1  0  0  0  0
 18 15  1  0  0  0  0
 19 11  1  0  0  0  0
 19 14  1  0  0  0  0
 19 17  1  0  0  0  0
 20 17  2  0  0  0  0
 21 18  2  0  0  0  0
 22 18  1  0  0  0  0
M  END
