
  Mrv1902 02041900022D          

 43 49  0  0  0  0            999 V2000
   -2.2303    1.6566    0.0000 C   0  0  0  0  0  0  0  0  0  0  0  0
   -2.2303    0.8316    0.0000 C   0  0  0  0  0  0  0  0  0  0  0  0
   -1.5158    0.4191    0.0000 C   0  0  0  0  0  0  0  0  0  0  0  0
   -0.8014    0.8316    0.0000 C   0  0  0  0  0  0  0  0  0  0  0  0
   -0.8014    1.6566    0.0000 C   0  0  0  0  0  0  0  0  0  0  0  0
   -1.5158    2.0691    0.0000 C   0  0  0  0  0  0  0  0  0  0  0  0
   -0.0869    0.4191    0.0000 N   0  0  0  0  0  0  0  0  0  0  0  0
    0.6275    0.8316    0.0000 C   0  0  0  0  0  0  0  0  0  0  0  0
    0.6275    1.6566    0.0000 C   0  0  0  0  0  0  0  0  0  0  0  0
   -0.0869    2.0691    0.0000 C   0  0  0  0  0  0  0  0  0  0  0  0
   -2.9447    2.0691    0.0000 O   0  0  0  0  0  0  0  0  0  0  0  0
   -3.6592    1.6566    0.0000 C   0  0  0  0  0  0  0  0  0  0  0  0
   -4.3737    2.0692    0.0000 O   0  0  0  0  0  0  0  0  0  0  0  0
   -3.6591    0.8189    0.0000 N   0  0  0  0  0  0  0  0  0  0  0  0
   -2.9503    0.4098    0.0000 C   0  0  0  0  0  0  0  0  0  0  0  0
   -2.9502   -0.4151    0.0000 C   0  0  0  0  0  0  0  0  0  0  0  0
   -3.6646   -0.8278    0.0000 C   0  0  0  0  0  0  0  0  0  0  0  0
   -4.3735   -0.4186    0.0000 C   0  0  0  0  0  0  0  0  0  0  0  0
   -4.3735    0.4063    0.0000 C   0  0  0  0  0  0  0  0  0  0  0  0
   -3.6643   -1.6574    0.0000 N   0  0  0  0  0  0  0  0  0  0  0  0
   -2.9523   -2.0683    0.0000 C   0  0  0  0  0  0  0  0  0  0  0  0
   -2.9521   -2.8933    0.0000 C   0  0  0  0  0  0  0  0  0  0  0  0
   -3.6664   -3.3059    0.0000 C   0  0  0  0  0  0  0  0  0  0  0  0
   -4.3785   -2.8951    0.0000 C   0  0  0  0  0  0  0  0  0  0  0  0
   -4.3787   -2.0701    0.0000 C   0  0  0  0  0  0  0  0  0  0  0  0
    1.4121    0.5767    0.0000 C   0  0  0  0  0  0  0  0  0  0  0  0
    1.8971    1.2441    0.0000 N   0  0  0  0  0  0  0  0  0  0  0  0
    1.4121    1.9116    0.0000 C   0  0  0  0  0  0  0  0  0  0  0  0
    2.7197    1.2441    0.0000 C   0  0  0  0  0  0  0  0  0  0  0  0
    3.1321    0.5297    0.0000 C   0  0  0  0  0  0  0  0  0  0  0  0
    2.7253   -0.1747    0.0000 C   0  0  0  0  0  0  0  0  0  0  0  0
    1.8947   -0.1747    0.0000 C   0  0  0  0  0  0  0  0  0  0  0  0
    3.1377   -0.8892    0.0000 C   0  0  2  0  0  0  0  0  0  0  0  0
    3.9627   -0.8894    0.0000 C   0  0  0  0  0  0  0  0  0  0  0  0
    4.3696   -0.1848    0.0000 O   0  0  0  0  0  0  0  0  0  0  0  0
    3.9571    0.5296    0.0000 C   0  0  0  0  0  0  0  0  0  0  0  0
    3.1321    1.9586    0.0000 O   0  0  0  0  0  0  0  0  0  0  0  0
    4.3787   -1.6099    0.0000 O   0  0  0  0  0  0  0  0  0  0  0  0
   -0.0869    2.8941    0.0000 C   0  0  0  0  0  0  0  0  0  0  0  0
   -0.8001    3.3059    0.0000 C   0  0  0  0  0  0  0  0  0  0  0  0
    2.3127   -0.8892    0.0000 C   0  0  0  0  0  0  0  0  0  0  0  0
    3.1377   -1.7258    0.0000 O   0  0  0  0  0  0  0  0  0  0  0  0
    1.8959   -1.6159    0.0000 C   0  0  0  0  0  0  0  0  0  0  0  0
  1  2  2  0  0  0  0
  2  3  1  0  0  0  0
  3  4  2  0  0  0  0
  4  5  1  0  0  0  0
  5  6  2  0  0  0  0
  1  6  1  0  0  0  0
  4  7  1  0  0  0  0
  7  8  2  0  0  0  0
  8  9  1  0  0  0  0
  9 10  2  0  0  0  0
  5 10  1  0  0  0  0
  1 11  1  0  0  0  0
 11 12  1  0  0  0  0
 12 13  2  0  0  0  0
 12 14  1  0  0  0  0
 14 15  1  0  0  0  0
 15 16  1  0  0  0  0
 16 17  1  0  0  0  0
 17 18  1  0  0  0  0
 18 19  1  0  0  0  0
 14 19  1  0  0  0  0
 17 20  1  0  0  0  0
 20 21  1  0  0  0  0
 21 22  1  0  0  0  0
 22 23  1  0  0  0  0
 23 24  1  0  0  0  0
 24 25  1  0  0  0  0
 20 25  1  0  0  0  0
  8 26  1  0  0  0  0
 26 27  1  0  0  0  0
 27 28  1  0  0  0  0
  9 28  1  0  0  0  0
 27 29  1  0  0  0  0
 29 30  1  0  0  0  0
 30 31  2  0  0  0  0
 31 32  1  0  0  0  0
 31 33  1  0  0  0  0
 33 34  1  0  0  0  0
 34 35  1  0  0  0  0
 35 36  1  0  0  0  0
 30 36  1  0  0  0  0
 32 26  2  0  0  0  0
 29 37  2  0  0  0  0
 34 38  2  0  0  0  0
 10 39  1  0  0  0  0
 39 40  1  0  0  0  0
 33 41  1  6  0  0  0
 33 42  1  1  0  0  0
 41 43  1  0  0  0  0
M  END
