
  Mrv1718009041816252D          

 18 19  0  0  0  0            999 V2000
   -1.2074    0.3923    0.0000 C   0  0  0  0  0  0  0  0  0  0  0  0
    1.2074   -0.3922    0.0000 C   0  0  0  0  0  0  0  0  0  0  0  0
   -0.5399    0.8772    0.0000 O   0  0  0  0  0  0  0  0  0  0  0  0
    0.5399   -0.8772    0.0000 O   0  0  0  0  0  0  0  0  0  0  0  0
    0.9524    0.3923    0.0000 C   0  0  1  0  0  0  0  0  0  0  0  0
   -0.9524   -0.3922    0.0000 C   0  0  2  0  0  0  0  0  0  0  0  0
    0.1274    0.3923    0.0000 C   0  0  2  0  0  0  0  0  0  0  0  0
   -0.1274   -0.3922    0.0000 C   0  0  2  0  0  0  0  0  0  0  0  0
    0.1274    1.2173    0.0000 H   0  0  0  0  0  0  0  0  0  0  0  0
   -0.1274   -1.2173    0.0000 H   0  0  0  0  0  0  0  0  0  0  0  0
   -1.5358   -0.9756    0.0000 O   0  0  0  0  0  0  0  0  0  0  0  0
    1.5358    0.9757    0.0000 O   0  0  0  0  0  0  0  0  0  0  0  0
   -2.7733   -0.2611    0.0000 O   0  5  0  0  0  0  0  0  0  0  0  0
   -2.3608   -0.9756    0.0000 N   0  3  0  0  0  0  0  0  0  0  0  0
   -2.9442   -1.5590    0.0000 O   0  0  0  0  0  0  0  0  0  0  0  0
    2.9442    1.5590    0.0000 O   0  5  0  0  0  0  0  0  0  0  0  0
    2.3608    0.9757    0.0000 N   0  3  0  0  0  0  0  0  0  0  0  0
    2.7733    0.2612    0.0000 O   0  0  0  0  0  0  0  0  0  0  0  0
  3  1  1  0  0  0  0
  3  7  1  0  0  0  0
  1  6  1  0  0  0  0
  6  8  1  0  0  0  0
  4  8  1  0  0  0  0
  7  8  1  0  0  0  0
  5  7  1  0  0  0  0
  4  2  1  0  0  0  0
  2  5  1  0  0  0  0
  5 12  1  1  0  0  0
  6 11  1  6  0  0  0
  7  9  1  1  0  0  0
  8 10  1  1  0  0  0
 11 14  1  0  0  0  0
 12 17  1  0  0  0  0
 14 13  1  0  0  0  0
 14 15  2  0  0  0  0
 17 16  1  0  0  0  0
 17 18  2  0  0  0  0
M  CHG  4  13  -1  14   1  16  -1  17   1
M  END
