
  Mrv1533004241521382D          

 29 32  0  0  0  0            999 V2000
   -2.1434    1.2375    0.0000 C   0  0  0  0  0  0  0  0  0  0  0  0
   -1.4289    0.8250    0.0000 C   0  0  0  0  0  0  0  0  0  0  0  0
   -1.4289    0.0000    0.0000 N   0  0  0  0  0  0  0  0  0  0  0  0
   -2.1434   -0.4125    0.0000 C   0  0  0  0  0  0  0  0  0  0  0  0
   -2.8579    0.0000    0.0000 C   0  0  0  0  0  0  0  0  0  0  0  0
   -2.8579    0.8250    0.0000 C   0  0  0  0  0  0  0  0  0  0  0  0
   -3.5724    1.2375    0.0000 C   0  0  0  0  0  0  0  0  0  0  0  0
   -3.5724    2.0625    0.0000 O   0  0  0  0  0  0  0  0  0  0  0  0
   -4.2868    0.8250    0.0000 C   0  0  0  0  0  0  0  0  0  0  0  0
   -4.2868   -0.0000    0.0000 C   0  0  0  0  0  0  0  0  0  0  0  0
   -5.0013   -0.4125    0.0000 C   0  0  0  0  0  0  0  0  0  0  0  0
   -5.7158   -0.0000    0.0000 C   0  0  0  0  0  0  0  0  0  0  0  0
   -5.7158    0.8250    0.0000 C   0  0  0  0  0  0  0  0  0  0  0  0
   -5.0013    1.2375    0.0000 C   0  0  0  0  0  0  0  0  0  0  0  0
   -6.4302   -0.4125    0.0000 F   0  0  0  0  0  0  0  0  0  0  0  0
   -0.7145   -0.4125    0.0000 C   0  0  0  0  0  0  0  0  0  0  0  0
    0.0000    0.0000    0.0000 C   0  0  0  0  0  0  0  0  0  0  0  0
    0.7145   -0.4125    0.0000 N   0  0  0  0  0  0  0  0  0  0  0  0
    1.4289    0.0000    0.0000 C   0  0  0  0  0  0  0  0  0  0  0  0
    1.4289    0.8250    0.0000 O   0  0  0  0  0  0  0  0  0  0  0  0
    2.1434   -0.4125    0.0000 C   0  0  0  0  0  0  0  0  0  0  0  0
    2.8579    0.0000    0.0000 C   0  0  0  0  0  0  0  0  0  0  0  0
    3.5724   -0.4125    0.0000 C   0  0  0  0  0  0  0  0  0  0  0  0
    3.5724   -1.2375    0.0000 C   0  0  0  0  0  0  0  0  0  0  0  0
    2.8579   -1.6500    0.0000 C   0  0  0  0  0  0  0  0  0  0  0  0
    2.1434   -1.2375    0.0000 C   0  0  0  0  0  0  0  0  0  0  0  0
    1.4289   -1.6500    0.0000 N   0  0  0  0  0  0  0  0  0  0  0  0
    0.7145   -1.2375    0.0000 C   0  0  0  0  0  0  0  0  0  0  0  0
    0.0000   -1.6500    0.0000 O   0  0  0  0  0  0  0  0  0  0  0  0
  1  2  1  0  0  0  0
  2  3  1  0  0  0  0
  3  4  1  0  0  0  0
  4  5  1  0  0  0  0
  5  6  1  0  0  0  0
  1  6  1  0  0  0  0
  6  7  1  0  0  0  0
  7  8  2  0  0  0  0
  7  9  1  0  0  0  0
  9 10  2  0  0  0  0
 10 11  1  0  0  0  0
 11 12  2  0  0  0  0
 12 13  1  0  0  0  0
 13 14  2  0  0  0  0
  9 14  1  0  0  0  0
 12 15  1  0  0  0  0
  3 16  1  0  0  0  0
 16 17  1  0  0  0  0
 17 18  1  0  0  0  0
 18 19  1  0  0  0  0
 19 20  2  0  0  0  0
 19 21  1  0  0  0  0
 21 22  2  0  0  0  0
 22 23  1  0  0  0  0
 23 24  2  0  0  0  0
 24 25  1  0  0  0  0
 25 26  2  0  0  0  0
 21 26  1  0  0  0  0
 26 27  1  0  0  0  0
 27 28  1  0  0  0  0
 18 28  1  0  0  0  0
 28 29  2  0  0  0  0
M  END
