
  Mrv1909 10301919042D          

 12 11  0  0  0  0            999 V2000
    2.1434    1.0312    0.0000 O   0  0  0  0  0  0  0  0  0  0  0  0
    2.1434    0.2062    0.0000 C   0  0  0  0  0  0  0  0  0  0  0  0
    2.8579   -0.2062    0.0000 O   0  0  0  0  0  0  0  0  0  0  0  0
    1.4290   -0.2062    0.0000 C   0  0  1  0  0  0  0  0  0  0  0  0
    1.4290   -1.0312    0.0000 N   0  0  0  0  0  0  0  0  0  0  0  0
    0.7145    0.2062    0.0000 C   0  0  0  0  0  0  0  0  0  0  0  0
    0.0000   -0.2062    0.0000 C   0  0  0  0  0  0  0  0  0  0  0  0
   -0.7143    0.2062    0.0000 C   0  0  0  0  0  0  0  0  0  0  0  0
   -1.4288   -0.2062    0.0000 N   0  0  0  0  0  0  0  0  0  0  0  0
   -2.1433    0.2062    0.0000 C   0  0  0  0  0  0  0  0  0  0  0  0
   -2.1433    1.0312    0.0000 N   0  0  0  0  0  0  0  0  0  0  0  0
   -2.8579   -0.2062    0.0000 N   0  0  0  0  0  0  0  0  0  0  0  0
  2  1  2  0  0  0  0
  3  2  1  0  0  0  0
  4  2  1  0  0  0  0
  4  5  1  1  0  0  0
  6  4  1  0  0  0  0
  7  6  1  0  0  0  0
  9  8  1  0  0  0  0
  7  8  1  0  0  0  0
 10  9  1  0  0  0  0
 11 10  2  0  0  0  0
 12 10  1  0  0  0  0
M  END
