76496-63-4.mol
  ChemDraw08051009092D

 23 26  0  0  0  0  0  0  0  0999 V2000
   -0.0517   -0.3079    0.0000 C   0  0  0  0  0  0  0  0  0  0  0  0
    0.7011   -0.6455    0.0000 C   0  0  0  0  0  0  0  0  0  0  0  0
   -0.8739   -0.6693    0.0000 C   0  0  0  0  0  0  0  0  0  0  0  0
   -0.0139    0.6038    0.0000 C   0  0  0  0  0  0  0  0  0  0  0  0
   -0.7587    0.1768    0.0000 C   0  0  0  0  0  0  0  0  0  0  0  0
    0.8600   -1.4221    0.0000 C   0  0  0  0  0  0  0  0  0  0  0  0
    1.2950   -0.1192    0.0000 C   0  0  0  0  0  0  0  0  0  0  0  0
   -0.7607   -1.4360    0.0000 C   0  0  0  0  0  0  0  0  0  0  0  0
   -1.5968   -0.3833    0.0000 C   0  0  0  0  0  0  0  0  0  0  0  0
    0.2323   -0.0119    0.0000 C   0  0  0  0  0  0  0  0  0  0  0  0
   -0.5462    0.9851    0.0000 C   0  0  0  0  0  0  0  0  0  0  0  0
    0.0953   -1.0705    0.0000 C   0  0  0  0  0  0  0  0  0  0  0  0
    1.6108   -1.6724    0.0000 C   0  0  0  0  0  0  0  0  0  0  0  0
    2.0457   -0.3694    0.0000 C   0  0  0  0  0  0  0  0  0  0  0  0
   -1.3704   -1.9186    0.0000 C   0  0  0  0  0  0  0  0  0  0  0  0
   -2.2046   -0.8660    0.0000 C   0  0  0  0  0  0  0  0  0  0  0  0
    0.2880    1.0527    0.0000 C   0  0  0  0  0  0  0  0  0  0  0  0
   -1.0824    1.6247    0.0000 O   0  0  0  0  0  0  0  0  0  0  0  0
    2.2046   -1.1480    0.0000 C   0  0  0  0  0  0  0  0  0  0  0  0
   -2.0914   -1.6346    0.0000 C   0  0  0  0  0  0  0  0  0  0  0  0
    0.5005    1.8610    0.0000 N   0  0  0  0  0  0  0  0  0  0  0  0
    1.3347    1.9285    0.0000 C   0  0  0  0  0  0  0  0  0  0  0  0
    0.0834   -1.9285    0.0000 H   0  0  0  0  0  0  0  0  0  0  0  0
  1  2  1  0      
  1  3  1  0      
  1  4  1  0      
  1  5  1  6      
  2  6  2  0      
  2  7  1  0      
  3  8  2  0      
  3  9  1  0      
  4 10  1  0      
  5 11  1  0      
  6 12  1  0      
  6 13  1  0      
  7 14  2  0      
  8 15  1  0      
  8 12  1  0      
  9 16  2  0      
 10 12  1  0      
 11 17  1  0      
 11 18  1  1      
 12 23  1  1      
 13 19  2  0      
 14 19  1  0      
 15 20  2  0      
 16 20  1  0      
 17 21  1  0      
 21 22  1  0      
M  END
