
  Mrv1909 11291916482D          

 17 17  0  0  0  0            999 V2000
   -2.1433    1.2375    0.0000 C   0  0  0  0  0  0  0  0  0  0  0  0
   -2.8579    0.8250    0.0000 C   0  0  0  0  0  0  0  0  0  0  0  0
   -2.8579    0.0000    0.0000 C   0  0  0  0  0  0  0  0  0  0  0  0
   -1.4288    0.8250    0.0000 C   0  0  0  0  0  0  0  0  0  0  0  0
   -0.7144    1.2375    0.0000 C   0  0  0  0  0  0  0  0  0  0  0  0
   -2.1433   -0.4125    0.0000 C   0  0  0  0  0  0  0  0  0  0  0  0
   -2.1433   -1.2375    0.0000 C   0  0  0  0  0  0  0  0  0  0  0  0
   -1.4288    0.0000    0.0000 C   0  0  0  0  0  0  0  0  0  0  0  0
   -0.7144   -0.4125    0.0000 N   0  0  0  0  0  0  0  0  0  0  0  0
    0.0000    0.0000    0.0000 C   0  0  0  0  0  0  0  0  0  0  0  0
    0.0000    0.8249    0.0000 O   0  0  0  0  0  0  0  0  0  0  0  0
    0.7145   -0.4125    0.0000 C   0  0  0  0  0  0  0  0  0  0  0  0
    1.4289    0.8249    0.0000 C   0  0  0  0  0  0  0  0  0  0  0  0
    2.1434    1.2374    0.0000 C   0  0  0  0  0  0  0  0  0  0  0  0
    1.4289    0.0000    0.0000 N   0  0  0  0  0  0  0  0  0  0  0  0
    2.1434   -0.4125    0.0000 C   0  0  0  0  0  0  0  0  0  0  0  0
    2.8579    0.0000    0.0000 C   0  0  0  0  0  0  0  0  0  0  0  0
  1  2  1  0  0  0  0
  1  4  2  0  0  0  0
  2  3  2  0  0  0  0
  3  6  1  0  0  0  0
  6  8  2  0  0  0  0
  8  4  1  0  0  0  0
  4  5  1  0  0  0  0
  6  7  1  0  0  0  0
  8  9  1  0  0  0  0
  9 10  1  0  0  0  0
 10 12  1  0  0  0  0
 10 11  2  0  0  0  0
 12 15  1  0  0  0  0
 15 13  1  0  0  0  0
 13 14  1  0  0  0  0
 15 16  1  0  0  0  0
 16 17  1  0  0  0  0
M  END
