
  Mrv1909 11041923362D          

 28 29  0  0  0  0            999 V2000
    0.8493   -0.6091    0.0000 C   0  0  1  0  0  0  0  0  0  0  0  0
    0.1377   -1.0217    0.0000 C   0  0  2  0  0  0  0  0  0  0  0  0
    1.5713   -1.0217    0.0000 O   0  0  0  0  0  0  0  0  0  0  0  0
    0.8493    0.2159    0.0000 C   0  0  1  0  0  0  0  0  0  0  0  0
   -0.5773   -0.6091    0.0000 N   0  0  0  0  0  0  0  0  0  0  0  0
    0.1308   -1.8468    0.0000 C   0  0  1  0  0  0  0  0  0  0  0  0
    2.2830   -0.6091    0.0000 C   0  0  1  0  0  0  0  0  0  0  0  0
    1.5713    0.6284    0.0000 C   0  0  1  0  0  0  0  0  0  0  0  0
    0.1377    0.6319    0.0000 O   0  0  0  0  0  0  0  0  0  0  0  0
   -1.2958   -1.0183    0.0000 C   0  0  0  0  0  0  0  0  0  0  0  0
    0.8392   -2.2663    0.0000 C   0  0  0  0  0  0  0  0  0  0  0  0
   -0.5876   -2.2560    0.0000 O   0  0  0  0  0  0  0  0  0  0  0  0
    2.2830    0.2159    0.0000 C   0  0  1  0  0  0  0  0  0  0  0  0
    3.0015   -1.0217    0.0000 S   0  0  0  0  0  0  0  0  0  0  0  0
    1.5713    1.4606    0.0000 O   0  0  0  0  0  0  0  0  0  0  0  0
   -2.0159   -0.6071    0.0000 C   0  0  2  0  0  0  0  0  0  0  0  0
   -1.2958   -1.8434    0.0000 O   0  0  0  0  0  0  0  0  0  0  0  0
    3.0015    0.6284    0.0000 O   0  0  0  0  0  0  0  0  0  0  0  0
    3.7167   -0.6091    0.0000 C   0  0  0  0  0  0  0  0  0  0  0  0
   -2.2663    0.1745    0.0000 C   0  0  0  0  0  0  0  0  0  0  0  0
   -2.6794   -1.0861    0.0000 N   0  0  0  0  0  0  0  0  0  0  0  0
   -3.0862    0.1763    0.0000 C   0  0  2  0  0  0  0  0  0  0  0  0
   -3.3397   -0.6000    0.0000 C   0  0  0  0  0  0  0  0  0  0  0  0
   -2.6843   -1.9078    0.0000 C   0  0  0  0  0  0  0  0  0  0  0  0
   -1.4317   -0.0242    0.0000 H   0  0  0  0  0  0  0  0  0  0  0  0
   -3.5699    0.8449    0.0000 C   0  0  0  0  0  0  0  0  0  0  0  0
   -3.2329    1.5980    0.0000 C   0  0  0  0  0  0  0  0  0  0  0  0
   -3.7167    2.2663    0.0000 C   0  0  0  0  0  0  0  0  0  0  0  0
  1  2  1  6  0  0  0
  1  3  1  0  0  0  0
  1  4  1  0  0  0  0
  2  5  1  1  0  0  0
  2  6  1  0  0  0  0
  3  7  1  0  0  0  0
  4  8  1  0  0  0  0
  4  9  1  6  0  0  0
  5 10  1  0  0  0  0
  6 11  1  0  0  0  0
  6 12  1  1  0  0  0
  7 13  1  0  0  0  0
  7 14  1  1  0  0  0
  8 15  1  6  0  0  0
 10 16  1  0  0  0  0
 10 17  2  0  0  0  0
 13 18  1  1  0  0  0
 14 19  1  0  0  0  0
 16 20  1  0  0  0  0
 16 21  1  0  0  0  0
 20 22  1  0  0  0  0
 21 23  1  0  0  0  0
 21 24  1  0  0  0  0
  8 13  1  0  0  0  0
 22 23  1  0  0  0  0
 16 25  1  6  0  0  0
 22 26  1  6  0  0  0
 26 27  1  0  0  0  0
 27 28  1  0  0  0  0
M  END
