
  Mrv1652310201623392D          

 38 44  0  0  1  0            999 V2000
    6.6439    2.5764    0.0000 C   0  0  0  0  0  0  0  0  0  0  0  0
    7.1946    1.9622    0.0000 C   0  0  0  0  0  0  0  0  0  0  0  0
    6.9380    1.1781    0.0000 C   0  0  2  0  0  0  0  0  0  0  0  0
    6.4287    0.5291    0.0000 C   0  0  0  0  0  0  0  0  0  0  0  0
    5.6119    0.6456    0.0000 C   0  0  0  0  0  0  0  0  0  0  0  0
    5.1026   -0.0034    0.0000 C   0  0  0  0  0  0  0  0  0  0  0  0
    5.4100   -0.7690    0.0000 N   0  0  0  0  0  0  0  0  0  0  0  0
    6.2267   -0.8855    0.0000 C   0  0  0  0  0  0  0  0  0  0  0  0
    6.5341   -1.6511    0.0000 O   0  0  0  0  0  0  0  0  0  0  0  0
    6.7361   -0.2365    0.0000 C   0  0  0  0  0  0  0  0  0  0  0  0
    7.5528   -0.3531    0.0000 C   0  0  0  0  0  0  0  0  0  0  0  0
    8.0621    0.2959    0.0000 O   0  0  0  0  0  0  0  0  0  0  0  0
    7.7547    1.0615    0.0000 C   0  0  0  0  0  0  0  0  0  0  0  0
    8.2640    1.7105    0.0000 O   0  0  0  0  0  0  0  0  0  0  0  0
    4.7769   -1.2979    0.0000 C   0  0  0  0  0  0  0  0  0  0  0  0
    4.0782   -0.8592    0.0000 C   0  0  0  0  0  0  0  0  0  0  0  0
    4.2795   -0.0591    0.0000 C   0  0  0  0  0  0  0  0  0  0  0  0
    3.6873    0.5152    0.0000 N   0  0  0  0  0  0  0  0  0  0  0  0
    2.8937    0.2895    0.0000 C   0  0  0  0  0  0  0  0  0  0  0  0
    2.3015    0.8639    0.0000 C   0  0  0  0  0  0  0  0  0  0  0  0
    1.5080    0.6382    0.0000 C   0  0  0  0  0  0  0  0  0  0  0  0
    1.3067   -0.1619    0.0000 C   0  0  0  0  0  0  0  0  0  0  0  0
    1.8989   -0.7362    0.0000 C   0  0  0  0  0  0  0  0  0  0  0  0
    2.6924   -0.5105    0.0000 C   0  0  0  0  0  0  0  0  0  0  0  0
    3.2847   -1.0849    0.0000 C   0  0  0  0  0  0  0  0  0  0  0  0
    3.0834   -1.8850    0.0000 C   0  0  0  0  0  0  0  0  0  0  0  0
    2.2898   -2.1107    0.0000 N   0  0  0  0  0  0  0  0  0  0  0  0
    2.0885   -2.9107    0.0000 C   0  0  0  0  0  0  0  0  0  0  0  0
    1.2950   -3.1364    0.0000 C   0  0  0  0  0  0  0  0  0  0  0  0
    0.7028   -2.5621    0.0000 N   0  0  0  0  0  0  0  0  0  0  0  0
    0.9041   -1.7620    0.0000 C   0  0  0  0  0  0  0  0  0  0  0  0
    1.6976   -1.5363    0.0000 C   0  0  0  0  0  0  0  0  0  0  0  0
   -0.0908   -2.7878    0.0000 C   0  0  0  0  0  0  0  0  0  0  0  0
    0.5132   -0.3876    0.0000 O   0  0  0  0  0  0  0  0  0  0  0  0
   -0.0791    0.1868    0.0000 C   0  0  0  0  0  0  0  0  0  0  0  0
    0.1222    0.9869    0.0000 C   0  0  0  0  0  0  0  0  0  0  0  0
    0.9158    1.2126    0.0000 O   0  0  0  0  0  0  0  0  0  0  0  0
    6.2104    1.5670    0.0000 O   0  0  0  0  0  0  0  0  0  0  0  0
  1  2  1  0  0  0  0
  3  2  1  1  0  0  0
  3  4  1  0  0  0  0
  4  5  1  0  0  0  0
  5  6  2  0  0  0  0
  6  7  1  0  0  0  0
  7  8  1  0  0  0  0
  8  9  2  0  0  0  0
  8 10  1  0  0  0  0
  4 10  2  0  0  0  0
 10 11  1  0  0  0  0
 11 12  1  0  0  0  0
 12 13  1  0  0  0  0
  3 13  1  0  0  0  0
 13 14  2  0  0  0  0
  7 15  1  0  0  0  0
 15 16  1  0  0  0  0
 16 17  2  0  0  0  0
  6 17  1  0  0  0  0
 17 18  1  0  0  0  0
 18 19  2  0  0  0  0
 19 20  1  0  0  0  0
 20 21  2  0  0  0  0
 21 22  1  0  0  0  0
 22 23  2  0  0  0  0
 23 24  1  0  0  0  0
 19 24  1  0  0  0  0
 24 25  2  0  0  0  0
 16 25  1  0  0  0  0
 25 26  1  0  0  0  0
 26 27  1  0  0  0  0
 27 28  1  0  0  0  0
 28 29  1  0  0  0  0
 29 30  1  0  0  0  0
 30 31  1  0  0  0  0
 31 32  1  0  0  0  0
 27 32  1  0  0  0  0
 30 33  1  0  0  0  0
 22 34  1  0  0  0  0
 34 35  1  0  0  0  0
 35 36  1  0  0  0  0
 36 37  1  0  0  0  0
 21 37  1  0  0  0  0
  3 38  1  6  0  0  0
M  END
