
  Mrv1652306031609492D          

 19 20  0  0  0  0            999 V2000
    4.2868    1.6500    0.0000 C   0  0  0  0  0  0  0  0  0  0  0  0
    5.0013    0.4125    0.0000 C   0  0  0  0  0  0  0  0  0  0  0  0
    2.1434   -2.0625    0.0000 C   0  0  0  0  0  0  0  0  0  0  0  0
    0.7145    2.8875    0.0000 C   0  0  0  0  0  0  0  0  0  0  0  0
    2.8579   -1.6500    0.0000 C   0  0  0  0  0  0  0  0  0  0  0  0
    1.4289   -1.6500    0.0000 C   0  0  0  0  0  0  0  0  0  0  0  0
    0.7145    2.0625    0.0000 C   0  0  0  0  0  0  0  0  0  0  0  0
    1.4289    3.3000    0.0000 C   0  0  0  0  0  0  0  0  0  0  0  0
    2.8579   -0.8250    0.0000 C   0  0  0  0  0  0  0  0  0  0  0  0
    1.4289   -0.8250    0.0000 C   0  0  0  0  0  0  0  0  0  0  0  0
    1.4289    1.6500    0.0000 C   0  0  0  0  0  0  0  0  0  0  0  0
    2.1434    2.8875    0.0000 C   0  0  0  0  0  0  0  0  0  0  0  0
    3.5724    0.4125    0.0000 C   0  0  0  0  0  0  0  0  0  0  0  0
    2.1434   -0.4125    0.0000 C   0  0  0  0  0  0  0  0  0  0  0  0
    2.1434    2.0625    0.0000 C   0  0  0  0  0  0  0  0  0  0  0  0
    2.8579    0.8250    0.0000 C   0  0  0  0  0  0  0  0  0  0  0  0
    4.2868    0.8250    0.0000 N   0  0  0  0  0  0  0  0  0  0  0  0
    2.1434    0.4125    0.0000 O   0  0  0  0  0  0  0  0  0  0  0  0
    2.8579    1.6500    0.0000 O   0  0  0  0  0  0  0  0  0  0  0  0
  5  3  2  0  0  0  0
  6  3  1  0  0  0  0
  7  4  2  0  0  0  0
  8  4  1  0  0  0  0
  9  5  1  0  0  0  0
 10  6  2  0  0  0  0
 11  7  1  0  0  0  0
 12  8  2  0  0  0  0
 14  9  2  0  0  0  0
 14 10  1  0  0  0  0
 15 11  2  0  0  0  0
 15 12  1  0  0  0  0
 16 13  1  0  0  0  0
 17  1  1  0  0  0  0
 17  2  1  0  0  0  0
 17 13  1  0  0  0  0
 18 14  1  0  0  0  0
 18 16  1  0  0  0  0
 19 15  1  0  0  0  0
 19 16  1  0  0  0  0
M  END
