
  Mrv1909 02052014122D          

 18 19  0  0  0  0            999 V2000
   -0.3619   -0.2070    0.0000 C   0  0  0  0  0  0  0  0  0  0  0  0
    0.3680    0.2048    0.0000 N   0  0  0  0  0  0  0  0  0  0  0  0
    1.0837   -0.2206    0.0000 C   0  0  0  0  0  0  0  0  0  0  0  0
   -1.0843    1.0327    0.0000 N   0  0  0  0  0  0  0  0  0  0  0  0
   -1.0907    0.2149    0.0000 C   0  0  0  0  0  0  0  0  0  0  0  0
   -0.3619   -1.0362    0.0000 O   0  0  0  0  0  0  0  0  0  0  0  0
    1.8052    0.1863    0.0000 C   0  0  0  0  0  0  0  0  0  0  0  0
    1.0699   -1.0388    0.0000 C   0  0  0  0  0  0  0  0  0  0  0  0
   -0.3571    1.4429    0.0000 C   0  0  0  0  0  0  0  0  0  0  0  0
   -1.7892    1.4528    0.0000 C   0  0  0  0  0  0  0  0  0  0  0  0
    2.5004   -1.0457    0.0000 C   0  0  0  0  0  0  0  0  0  0  0  0
   -1.8093   -0.1905    0.0000 C   0  0  0  0  0  0  0  0  0  0  0  0
    1.7789   -1.4528    0.0000 C   0  0  0  0  0  0  0  0  0  0  0  0
    2.5127   -0.2246    0.0000 C   0  0  0  0  0  0  0  0  0  0  0  0
    1.8176    1.0342    0.0000 C   0  0  0  0  0  0  0  0  0  0  0  0
    0.3513   -1.4442    0.0000 C   0  0  0  0  0  0  0  0  0  0  0  0
   -2.5078    1.0474    0.0000 C   0  0  0  0  0  0  0  0  0  0  0  0
   -2.5127    0.2267    0.0000 C   0  0  0  0  0  0  0  0  0  0  0  0
  2  1  1  0  0  0  0
  3  2  1  0  0  0  0
  4  5  1  0  0  0  0
  5  1  1  0  0  0  0
  6  1  2  0  0  0  0
  7  3  2  0  0  0  0
  8  3  1  0  0  0  0
  9  4  1  0  0  0  0
 10  4  1  0  0  0  0
 11 13  1  0  0  0  0
 12  5  1  0  0  0  0
 13  8  2  0  0  0  0
 14  7  1  0  0  0  0
 15  7  1  0  0  0  0
 16  8  1  0  0  0  0
 17 18  1  0  0  0  0
 18 12  1  0  0  0  0
 17 10  1  0  0  0  0
 14 11  2  0  0  0  0
M  END
