
  Mrv0541 02231220322D          

 26 29  0  0  1  0            999 V2000
   19.9901   -3.2203    0.0000 O   0  0  0  0  0  0  0  0  0  0  0  0
   14.5045   -6.7736    0.0000 O   0  0  0  0  0  0  0  0  0  0  0  0
   17.5244   -5.0808    0.0000 C   0  0  1  0  0  0  0  0  0  0  0  0
   18.2389   -5.4932    0.0000 C   0  0  2  0  0  0  0  0  0  0  0  0
   16.7738   -5.4988    0.0000 C   0  0  2  0  0  0  0  0  0  0  0  0
   18.9532   -5.0808    0.0000 C   0  0  1  0  0  0  0  0  0  0  0  0
   18.9532   -4.2559    0.0000 C   0  0  2  0  0  0  0  0  0  0  0  0
   16.7672   -6.3580    0.0000 C   0  0  1  0  0  0  0  0  0  0  0  0
   17.5244   -4.2559    0.0000 C   0  0  0  0  0  0  0  0  0  0  0  0
   18.2389   -3.8434    0.0000 C   0  0  0  0  0  0  0  0  0  0  0  0
   18.2521   -6.3523    0.0000 C   0  0  0  0  0  0  0  0  0  0  0  0
   19.7338   -5.3320    0.0000 C   0  0  0  0  0  0  0  0  0  0  0  0
   19.7338   -4.0044    0.0000 C   0  0  2  0  0  0  0  0  0  0  0  0
   16.0093   -5.0334    0.0000 C   0  0  2  0  0  0  0  0  0  0  0  0
   17.5113   -6.7876    0.0000 C   0  0  0  0  0  0  0  0  0  0  0  0
   20.2152   -4.6683    0.0000 C   0  0  0  0  0  0  0  0  0  0  0  0
   16.7801   -4.6739    0.0000 C   0  0  0  0  0  0  0  0  0  0  0  0
   15.9956   -6.8114    0.0000 C   0  0  0  0  0  0  0  0  0  0  0  0
   18.9532   -3.4310    0.0000 C   0  0  0  0  0  0  0  0  0  0  0  0
   15.2273   -5.4690    0.0000 C   0  0  0  0  0  0  0  0  0  0  0  0
   15.2204   -6.3639    0.0000 C   0  0  0  0  0  0  0  0  0  0  0  0
   16.0252   -4.2087    0.0000 C   0  0  0  0  0  0  0  0  0  0  0  0
   17.5599   -5.9469    0.0000 H   0  0  0  0  0  0  0  0  0  0  0  0
   18.2629   -4.6776    0.0000 H   0  0  0  0  0  0  0  0  0  0  0  0
   19.0231   -5.9844    0.0000 H   0  0  0  0  0  0  0  0  0  0  0  0
   16.7697   -7.0179    0.0000 H   0  0  0  0  0  0  0  0  0  0  0  0
 13  1  1  1  0  0  0
  2 21  2  0  0  0  0
  3  4  1  0  0  0  0
  3  5  1  0  0  0  0
  3  9  1  0  0  0  0
  3 23  1  6  0  0  0
  4  6  1  0  0  0  0
  4 11  1  0  0  0  0
  4 24  1  1  0  0  0
  5  8  1  0  0  0  0
  5 14  1  0  0  0  0
  5 17  1  1  0  0  0
  6  7  1  0  0  0  0
  6 12  1  0  0  0  0
  6 25  1  6  0  0  0
  7 10  1  0  0  0  0
  7 13  1  0  0  0  0
  7 19  1  1  0  0  0
  8 15  1  0  0  0  0
  8 18  1  0  0  0  0
  8 26  1  6  0  0  0
  9 10  1  0  0  0  0
 11 15  1  0  0  0  0
 12 16  1  0  0  0  0
 13 16  1  0  0  0  0
 14 20  1  0  0  0  0
 14 22  1  6  0  0  0
 18 21  1  0  0  0  0
 20 21  1  0  0  0  0
M  END
