
  Mrv1718012171822242D          

 30 33  0  0  0  0            999 V2000
    2.1785   -0.5887    0.0000 C   0  0  0  0  0  0  0  0  0  0  0  0
    0.6794   -1.5712    0.0000 C   0  0  0  0  0  0  0  0  0  0  0  0
    2.1785    0.7461    0.0000 C   0  0  2  0  0  0  0  0  0  0  0  0
    0.6794    0.9036    0.0000 C   0  0  0  0  0  0  0  0  0  0  0  0
    2.6635    0.0786    0.0000 C   0  0  0  0  0  0  0  0  0  0  0  0
   -0.7495   -0.7462    0.0000 C   0  0  2  0  0  0  0  0  0  0  0  0
   -0.0350    0.4911    0.0000 C   0  0  1  0  0  0  0  0  0  0  0  0
   -0.0350   -1.9838    0.0000 C   0  0  1  0  0  0  0  0  0  0  0  0
   -0.7495   -1.5712    0.0000 C   0  0  0  0  0  0  0  0  0  0  0  0
   -1.4640   -0.3338    0.0000 C   0  0  0  0  0  0  0  0  0  0  0  0
   -1.4640   -1.9838    0.0000 C   0  0  0  0  0  0  0  0  0  0  0  0
   -2.1783   -0.7462    0.0000 C   0  0  0  0  0  0  0  0  0  0  0  0
    0.6794   -0.7462    0.0000 C   0  0  2  0  0  0  0  0  0  0  0  0
    0.6794    0.0786    0.0000 H   0  0  0  0  0  0  0  0  0  0  0  0
   -0.0350   -0.3338    0.0000 C   0  0  1  0  0  0  0  0  0  0  0  0
   -0.0350   -1.1588    0.0000 H   0  0  0  0  0  0  0  0  0  0  0  0
    1.3938    0.4911    0.0000 C   0  0  2  0  0  0  0  0  0  0  0  0
    1.3938    1.3161    0.0000 C   0  0  0  0  0  0  0  0  0  0  0  0
    1.3938   -0.3338    0.0000 C   0  0  1  0  0  0  0  0  0  0  0  0
    1.3938   -1.1588    0.0000 H   0  0  0  0  0  0  0  0  0  0  0  0
   -2.8929   -1.9838    0.0000 O   0  0  0  0  0  0  0  0  0  0  0  0
   -2.1783   -1.5712    0.0000 C   0  0  0  0  0  0  0  0  0  0  0  0
   -0.7495    0.0786    0.0000 C   0  0  0  0  0  0  0  0  0  0  0  0
    2.8929    1.1587    0.0000 O   0  0  0  0  0  0  0  0  0  0  0  0
    2.1785    1.5711    0.0000 C   0  0  0  0  0  0  0  0  0  0  0  0
   -0.7495    0.9036    0.0000 O   0  0  0  0  0  0  0  0  0  0  0  0
    1.4640    1.9837    0.0000 O   0  0  0  0  0  0  0  0  0  0  0  0
    2.8929    1.9837    0.0000 C   0  0  0  0  0  0  0  0  0  0  0  0
    2.8929    2.8088    0.0000 O   0  0  0  0  0  0  0  0  0  0  0  0
   -0.0350   -2.8088    0.0000 C   0  0  0  0  0  0  0  0  0  0  0  0
 19 13  1  0  0  0  0
 19 17  1  0  0  0  0
 19  1  1  0  0  0  0
 13 15  1  0  0  0  0
 13  2  1  0  0  0  0
 17  3  1  0  0  0  0
 17  4  1  0  0  0  0
  5  1  1  0  0  0  0
 15  6  1  0  0  0  0
 15  7  1  0  0  0  0
  2  8  1  0  0  0  0
  6  9  1  0  0  0  0
  6 10  1  0  0  0  0
  9 11  2  0  0  0  0
 10 12  2  0  0  0  0
 11 22  1  0  0  0  0
  3  5  1  0  0  0  0
  4  7  1  0  0  0  0
  8  9  1  0  0  0  0
 12 22  1  0  0  0  0
 13 14  1  1  0  0  0
 15 16  1  6  0  0  0
 17 18  1  1  0  0  0
 19 20  1  6  0  0  0
 22 21  2  0  0  0  0
  6 23  1  1  0  0  0
  3 24  1  6  0  0  0
  3 25  1  0  0  0  0
  7 26  1  1  0  0  0
 27 25  2  0  0  0  0
 28 25  1  0  0  0  0
 29 28  1  0  0  0  0
  8 30  1  6  0  0  0
M  END
