
  Mrv1718008311812302D          

 11 11  0  0  0  0            999 V2000
    1.0735   -0.3907    0.0000 N   0  0  0  0  0  0  0  0  0  0  0  0
    0.3643    0.8250    0.0000 C   0  0  0  0  0  0  0  0  0  0  0  0
   -0.3497    0.4053    0.0000 C   0  0  0  0  0  0  0  0  0  0  0  0
    1.0735    0.4197    0.0000 C   0  0  2  0  0  0  0  0  0  0  0  0
    1.7682   -0.7961    0.0000 C   0  0  0  0  0  0  0  0  0  0  0  0
   -1.0687    0.8250    0.0000 C   0  0  0  0  0  0  0  0  0  0  0  0
   -0.3497   -0.4197    0.0000 C   0  0  0  0  0  0  0  0  0  0  0  0
    1.7779    0.8395    0.0000 C   0  0  0  0  0  0  0  0  0  0  0  0
   -1.7779    0.4053    0.0000 C   0  0  0  0  0  0  0  0  0  0  0  0
   -1.0687   -0.8395    0.0000 C   0  0  0  0  0  0  0  0  0  0  0  0
   -1.7779   -0.4197    0.0000 C   0  0  0  0  0  0  0  0  0  0  0  0
  2  4  1  0  0  0  0
  3  2  1  0  0  0  0
  4  1  1  6  0  0  0
  5  1  1  0  0  0  0
  6  3  1  0  0  0  0
  7  3  2  0  0  0  0
  8  4  1  0  0  0  0
  9  6  2  0  0  0  0
 10  7  1  0  0  0  0
 11  9  1  0  0  0  0
 11 10  2  0  0  0  0
M  END
