1388
  Mrv0541 02231215262D          

 36 39  0  0  1  0            999 V2000
   11.1048    3.2403    0.0000 F   0  0  0  0  0  0  0  0  0  0  0  0
    6.6529    1.9829    0.0000 O   0  0  0  0  0  0  0  0  0  0  0  0
    6.6529    3.4119    0.0000 O   0  0  0  0  0  0  0  0  0  0  0  0
    5.0029    3.4119    0.0000 O   0  0  0  0  0  0  0  0  0  0  0  0
    5.8279    0.5539    0.0000 N   0  0  0  0  0  0  0  0  0  0  0  0
    2.5371   -0.9601    0.0000 N   0  0  0  0  0  0  0  0  0  0  0  0
    3.6871   -1.6240    0.0000 N   0  0  0  0  0  0  0  0  0  0  0  0
    7.4780    1.9829    0.0000 C   0  0  1  0  0  0  0  0  0  0  0  0
    8.1924    1.5704    0.0000 C   0  0  1  0  0  0  0  0  0  0  0  0
    7.4780    2.8079    0.0000 C   0  0  0  0  0  0  0  0  0  0  0  0
    8.1924    0.7454    0.0000 C   0  0  0  0  0  0  0  0  0  0  0  0
    7.0655    1.2684    0.0000 C   0  0  0  0  0  0  0  0  0  0  0  0
    8.9069    1.9829    0.0000 C   0  0  0  0  0  0  0  0  0  0  0  0
    8.1924    3.2205    0.0000 C   0  0  0  0  0  0  0  0  0  0  0  0
    8.9069    2.8079    0.0000 C   0  0  0  0  0  0  0  0  0  0  0  0
    6.2404    1.2684    0.0000 C   0  0  0  0  0  0  0  0  0  0  0  0
    7.4780    0.3329    0.0000 C   0  0  0  0  0  0  0  0  0  0  0  0
    8.9069    0.3329    0.0000 C   0  0  0  0  0  0  0  0  0  0  0  0
    9.6444    1.5418    0.0000 C   0  0  0  0  0  0  0  0  0  0  0  0
    9.6444    3.2490    0.0000 C   0  0  0  0  0  0  0  0  0  0  0  0
   10.3919    1.9657    0.0000 C   0  0  0  0  0  0  0  0  0  0  0  0
    6.2404    2.6974    0.0000 C   0  0  0  0  0  0  0  0  0  0  0  0
   10.3919    2.8251    0.0000 C   0  0  0  0  0  0  0  0  0  0  0  0
    5.0029    0.5539    0.0000 C   0  0  0  0  0  0  0  0  0  0  0  0
    6.2404   -0.1605    0.0000 C   0  0  0  0  0  0  0  0  0  0  0  0
    4.5904   -0.1605    0.0000 C   0  0  0  0  0  0  0  0  0  0  0  0
    5.4154    2.6974    0.0000 C   0  0  0  0  0  0  0  0  0  0  0  0
    3.7654   -0.1605    0.0000 C   0  0  0  0  0  0  0  0  0  0  0  0
    3.3529   -0.8750    0.0000 C   0  0  0  0  0  0  0  0  0  0  0  0
    4.1779    3.4119    0.0000 C   0  0  0  0  0  0  0  0  0  0  0  0
    2.3645   -1.7618    0.0000 C   0  0  0  0  0  0  0  0  0  0  0  0
    3.0791   -2.1743    0.0000 C   0  0  0  0  0  0  0  0  0  0  0  0
    1.6500   -2.1743    0.0000 C   0  0  0  0  0  0  0  0  0  0  0  0
    3.0791   -2.9994    0.0000 C   0  0  0  0  0  0  0  0  0  0  0  0
    1.6500   -2.9994    0.0000 C   0  0  0  0  0  0  0  0  0  0  0  0
    2.3645   -3.4119    0.0000 C   0  0  0  0  0  0  0  0  0  0  0  0
  1 23  1  0  0  0  0
  8  2  1  6  0  0  0
  2 22  1  0  0  0  0
  3 22  2  0  0  0  0
  4 27  1  0  0  0  0
  4 30  1  0  0  0  0
  5 16  1  0  0  0  0
  5 24  1  0  0  0  0
  5 25  1  0  0  0  0
  6 29  1  0  0  0  0
  6 31  1  0  0  0  0
  7 29  2  0  0  0  0
  7 32  1  0  0  0  0
  8  9  1  0  0  0  0
  8 10  1  0  0  0  0
  8 12  1  0  0  0  0
  9 11  1  6  0  0  0
  9 13  1  0  0  0  0
 10 14  1  0  0  0  0
 11 17  1  0  0  0  0
 11 18  1  0  0  0  0
 12 16  1  0  0  0  0
 13 15  2  0  0  0  0
 13 19  1  0  0  0  0
 14 15  1  0  0  0  0
 15 20  1  0  0  0  0
 19 21  2  0  0  0  0
 20 23  2  0  0  0  0
 21 23  1  0  0  0  0
 22 27  1  0  0  0  0
 24 26  1  0  0  0  0
 26 28  1  0  0  0  0
 28 29  1  0  0  0  0
 31 32  1  0  0  0  0
 31 33  2  0  0  0  0
 32 34  2  0  0  0  0
 33 35  1  0  0  0  0
 34 36  1  0  0  0  0
 35 36  2  0  0  0  0
M  END
