
  Mrv1902 02031923462D          

 34 38  0  0  0  0            999 V2000
   -1.8213   -0.8250    0.0000 C   0  0  0  0  0  0  0  0  0  0  0  0
   -1.1068   -1.2374    0.0000 C   0  0  0  0  0  0  0  0  0  0  0  0
    0.3220   -2.0625    0.0000 C   0  0  0  0  0  0  0  0  0  0  0  0
   -0.3923   -2.4749    0.0000 C   0  0  0  0  0  0  0  0  0  0  0  0
   -1.1068   -2.0625    0.0000 C   0  0  0  0  0  0  0  0  0  0  0  0
   -1.8213   -2.4749    0.0000 C   0  0  0  0  0  0  0  0  0  0  0  0
   -2.5357   -1.2374    0.0000 C   0  0  0  0  0  0  0  0  0  0  0  0
   -2.5357   -2.0625    0.0000 C   0  0  0  0  0  0  0  0  0  0  0  0
    0.3220   -1.2374    0.0000 C   0  0  2  0  0  0  0  0  0  0  0  0
   -0.3923   -0.8250    0.0000 C   0  0  0  0  0  0  0  0  0  0  0  0
    1.8212   -1.0799    0.0000 C   0  0  0  0  0  0  0  0  0  0  0  0
    1.8212    0.2549    0.0000 C   0  0  1  0  0  0  0  0  0  0  0  0
    0.3222    0.4125    0.0000 C   0  0  0  0  0  0  0  0  0  0  0  0
    2.3061   -0.4125    0.0000 C   0  0  0  0  0  0  0  0  0  0  0  0
   -0.3923    0.0000    0.0000 C   0  0  2  0  0  0  0  0  0  0  0  0
   -3.2502   -2.4749    0.0000 O   0  0  0  0  0  0  0  0  0  0  0  0
    0.3221   -0.4125    0.0000 H   0  0  0  0  0  0  0  0  0  0  0  0
    1.0365    0.0000    0.0000 C   0  0  2  0  0  0  0  0  0  0  0  0
    1.0366    0.8249    0.0000 C   0  0  0  0  0  0  0  0  0  0  0  0
    1.0365   -0.8251    0.0000 C   0  0  2  0  0  0  0  0  0  0  0  0
    1.0365   -1.6501    0.0000 H   0  0  0  0  0  0  0  0  0  0  0  0
   -1.1068    0.4125    0.0000 C   0  0  0  0  0  0  0  0  0  0  0  0
    1.8212    1.0799    0.0000 O   0  0  0  0  0  0  0  0  0  0  0  0
   -1.8212    1.6500    0.0000 C   0  0  0  0  0  0  0  0  0  0  0  0
   -2.5357    1.2375    0.0000 C   0  0  0  0  0  0  0  0  0  0  0  0
   -2.5357    0.4125    0.0000 C   0  0  0  0  0  0  0  0  0  0  0  0
   -1.8212    0.0000    0.0000 C   0  0  0  0  0  0  0  0  0  0  0  0
   -1.1068    1.2375    0.0000 C   0  0  0  0  0  0  0  0  0  0  0  0
   -3.2502    1.6500    0.0000 N   0  0  0  0  0  0  0  0  0  0  0  0
   -3.2502    2.4749    0.0000 C   0  0  0  0  0  0  0  0  0  0  0  0
   -3.9646    1.2375    0.0000 C   0  0  0  0  0  0  0  0  0  0  0  0
    2.5357    0.6674    0.0000 C   0  0  0  0  0  0  0  0  0  0  0  0
    3.2501    1.0799    0.0000 C   0  0  0  0  0  0  0  0  0  0  0  0
    3.9646    1.4924    0.0000 C   0  0  0  0  0  0  0  0  0  0  0  0
  2  1  1  0  0  0  0
  3  4  1  0  0  0  0
  2  5  1  0  0  0  0
  4  5  1  0  0  0  0
  5  6  2  0  0  0  0
  1  7  1  0  0  0  0
  6  8  1  0  0  0  0
  7  8  1  0  0  0  0
  8 16  2  0  0  0  0
  9  3  1  0  0  0  0
  9 20  1  0  0  0  0
  9 17  1  1  0  0  0
 10  9  1  0  0  0  0
 10  2  2  0  0  0  0
 10 15  1  0  0  0  0
 20 11  1  0  0  0  0
 14 11  1  0  0  0  0
 18 12  1  0  0  0  0
 12 14  1  0  0  0  0
 18 13  1  0  0  0  0
 13 15  1  0  0  0  0
 20 18  1  0  0  0  0
 18 19  1  1  0  0  0
 20 21  1  6  0  0  0
 15 22  1  1  0  0  0
 12 23  1  1  0  0  0
 27 22  2  0  0  0  0
 22 28  1  0  0  0  0
 24 25  1  0  0  0  0
 25 26  2  0  0  0  0
 26 27  1  0  0  0  0
 24 28  2  0  0  0  0
 25 29  1  0  0  0  0
 29 30  1  0  0  0  0
 29 31  1  0  0  0  0
 12 32  1  6  0  0  0
 32 33  3  0  0  0  0
 33 34  1  0  0  0  0
M  END
