
  Mrv1909 01292017052D          

 17 18  0  0  0  0            999 V2000
    0.9933   -0.5374    0.0000 N   0  3  0  0  0  0  0  0  0  0  0  0
    1.4781   -1.2048    0.0000 N   0  0  0  0  0  0  0  0  0  0  0  0
    0.1682   -0.5374    0.0000 C   0  0  0  0  0  0  0  0  0  0  0  0
    1.2482    0.2472    0.0000 N   0  0  0  0  0  0  0  0  0  0  0  0
    2.2987   -1.1185    0.0000 C   0  0  0  0  0  0  0  0  0  0  0  0
    1.1426   -1.9585    0.0000 C   0  0  0  0  0  0  0  0  0  0  0  0
   -0.0866    0.2472    0.0000 C   0  0  0  0  0  0  0  0  0  0  0  0
    0.5808    0.7321    0.0000 O   0  0  0  0  0  0  0  0  0  0  0  0
    2.7836   -1.7860    0.0000 C   0  0  0  0  0  0  0  0  0  0  0  0
    1.6276   -2.6259    0.0000 C   0  0  0  0  0  0  0  0  0  0  0  0
   -0.8712    0.5021    0.0000 N   0  5  0  0  0  0  0  0  0  0  0  0
    2.4481   -2.5396    0.0000 O   0  0  0  0  0  0  0  0  0  0  0  0
   -1.0427    1.3091    0.0000 C   0  0  0  0  0  0  0  0  0  0  0  0
   -1.8275    1.5640    0.0000 O   0  0  0  0  0  0  0  0  0  0  0  0
   -0.4296    1.8611    0.0000 O   0  0  0  0  0  0  0  0  0  0  0  0
   -1.9990    2.3710    0.0000 C   0  0  0  0  0  0  0  0  0  0  0  0
   -2.7836    2.6259    0.0000 C   0  0  0  0  0  0  0  0  0  0  0  0
  1  2  1  0  0  0  0
  1  3  1  0  0  0  0
  1  4  2  0  0  0  0
  2  5  1  0  0  0  0
  2  6  1  0  0  0  0
  3  7  2  0  0  0  0
  4  8  1  0  0  0  0
  5  9  1  0  0  0  0
  6 10  1  0  0  0  0
  7 11  1  0  0  0  0
  9 12  1  0  0  0  0
 11 13  1  0  0  0  0
 13 14  1  0  0  0  0
 13 15  2  0  0  0  0
 14 16  1  0  0  0  0
 16 17  1  0  0  0  0
  7  8  1  0  0  0  0
 10 12  1  0  0  0  0
M  CHG  2   1   1  11  -1
M  END
