
  Mrv1909 11181917442D          

 23 24  0  0  0  0            999 V2000
    1.4235   -0.2033    0.0000 C   0  0  2  0  0  0  0  0  0  0  0  0
    1.4235    0.6155    0.0000 C   0  0  0  0  0  0  0  0  0  0  0  0
    0.7089   -0.6155    0.0000 C   0  0  0  0  0  0  0  0  0  0  0  0
    2.1382   -0.6155    0.0000 C   0  0  0  0  0  0  0  0  0  0  0  0
    0.7089    1.0277    0.0000 N   0  0  0  0  0  0  0  0  0  0  0  0
    2.1382    1.0277    0.0000 O   0  0  0  0  0  0  0  0  0  0  0  0
    0.7089   -1.4401    0.0000 C   0  0  0  0  0  0  0  0  0  0  0  0
    2.1382   -1.4401    0.0000 C   0  0  0  0  0  0  0  0  0  0  0  0
    0.7089    1.8523    0.0000 C   0  0  2  0  0  0  0  0  0  0  0  0
    1.4235   -1.8523    0.0000 C   0  0  2  0  0  0  0  0  0  0  0  0
    0.0000    2.2645    0.0000 C   0  0  0  0  0  0  0  0  0  0  0  0
    1.4235    2.2645    0.0000 C   0  0  0  0  0  0  0  0  0  0  0  0
    1.4235   -2.6768    0.0000 C   0  0  0  0  0  0  0  0  0  0  0  0
   -0.7089    1.8523    0.0000 C   0  0  0  0  0  0  0  0  0  0  0  0
    2.1382    1.8523    0.0000 O   0  0  0  0  0  0  0  0  0  0  0  0
    1.4235    3.0890    0.0000 O   0  0  0  0  0  0  0  0  0  0  0  0
    0.7089   -3.0890    0.0000 C   0  0  0  0  0  0  0  0  0  0  0  0
    2.1382   -3.0890    0.0000 C   0  0  0  0  0  0  0  0  0  0  0  0
   -1.4235    2.2645    0.0000 C   0  0  0  0  0  0  0  0  0  0  0  0
   -0.7089    1.0277    0.0000 C   0  0  0  0  0  0  0  0  0  0  0  0
   -2.1382    1.8523    0.0000 C   0  0  0  0  0  0  0  0  0  0  0  0
   -1.4235    0.6155    0.0000 C   0  0  0  0  0  0  0  0  0  0  0  0
   -2.1382    1.0277    0.0000 C   0  0  0  0  0  0  0  0  0  0  0  0
  1  2  1  1  0  0  0
  3  1  1  0  0  0  0
  4  1  1  0  0  0  0
  5  2  1  0  0  0  0
  6  2  2  0  0  0  0
  7  3  1  0  0  0  0
  8  4  1  0  0  0  0
  9  5  1  6  0  0  0
 10  7  1  0  0  0  0
 10  8  1  0  0  0  0
 11  9  1  0  0  0  0
  9 12  1  0  0  0  0
 10 13  1  6  0  0  0
 14 11  1  0  0  0  0
 15 12  1  0  0  0  0
 16 12  2  0  0  0  0
 17 13  1  0  0  0  0
 18 13  1  0  0  0  0
 19 14  2  0  0  0  0
 20 14  1  0  0  0  0
 21 19  1  0  0  0  0
 22 20  2  0  0  0  0
 23 21  2  0  0  0  0
 23 22  1  0  0  0  0
M  END
