14040-20-1.mol
  ChemDraw07311017462D

 57 57  0  0  0  0  0  0  0  0999 V2000
    1.2599    1.5526    0.0000 C   0  0  0  0  0  0  0  0  0  0  0  0
    0.8587    0.8495    0.0000 C   0  0  0  0  0  0  0  0  0  0  0  0
    0.7280    2.2738    0.0000 O   0  0  0  0  0  0  0  0  0  0  0  0
    2.0667    1.5526    0.0000 C   0  0  0  0  0  0  0  0  0  0  0  0
    0.0069    0.8856    0.0000 O   0  0  0  0  0  0  0  0  0  0  0  0
    1.2509    0.1508    0.0000 C   0  0  0  0  0  0  0  0  0  0  0  0
    0.3133    2.9905    0.0000 C   0  0  0  0  0  0  0  0  0  0  0  0
    2.4588    0.8495    0.0000 C   0  0  0  0  0  0  0  0  0  0  0  0
    2.4905    2.2738    0.0000 N   0  0  0  0  0  0  0  0  0  0  0  0
   -0.6018    0.0336    0.0000 C   0  0  0  0  0  0  0  0  0  0  0  0
    2.0667    0.1374    0.0000 C   0  0  0  0  0  0  0  0  0  0  0  0
    0.8361   -0.5569    0.0000 O   0  0  0  0  0  0  0  0  0  0  0  0
    0.7280    3.7027    0.0000 O   0  0  0  0  0  0  0  0  0  0  0  0
   -0.4891    2.9905    0.0000 C   0  0  0  0  0  0  0  0  0  0  0  0
   -0.8812   -0.7417    0.0000 C   0  0  0  0  0  0  0  0  0  0  0  0
   -1.2644    0.5250    0.0000 O   0  0  0  0  0  0  0  0  0  0  0  0
    2.5039   -0.5793    0.0000 N   0  0  0  0  0  0  0  0  0  0  0  0
    0.3133    4.4014    0.0000 C   0  0  0  0  0  0  0  0  0  0  0  0
   -0.9037    3.7163    0.0000 C   0  0  0  0  0  0  0  0  0  0  0  0
   -0.9262    2.2828    0.0000 N   0  0  0  0  0  0  0  0  0  0  0  0
   -1.6836   -0.7191    0.0000 C   0  0  0  0  0  0  0  0  0  0  0  0
   -0.4214   -1.4493    0.0000 O   0  0  0  0  0  0  0  0  0  0  0  0
   -1.9270    0.0472    0.0000 C   0  0  0  0  0  0  0  0  0  0  0  0
   -0.4891    4.4014    0.0000 C   0  0  0  0  0  0  0  0  0  0  0  0
    0.7370    5.1090    0.0000 C   0  0  0  0  0  0  0  0  0  0  0  0
   -1.7331    3.7253    0.0000 O   0  0  0  0  0  0  0  0  0  0  0  0
   -2.1838   -1.4628    0.0000 O   0  0  0  0  0  0  0  0  0  0  0  0
   -2.7293    0.2950    0.0000 C   0  0  0  0  0  0  0  0  0  0  0  0
   -0.9262    5.1315    0.0000 O   0  0  0  0  0  0  0  0  0  0  0  0
    1.5664    5.1090    0.0000 N   0  0  0  0  0  0  0  0  0  0  0  0
   -3.0537   -1.4628    0.0000 C   0  0  0  0  0  0  0  0  0  0  0  0
   -3.4505    0.0336    0.0000 O   0  0  0  0  0  0  0  0  0  0  0  0
   -3.4639   -0.7551    0.0000 O   0  0  0  0  0  0  0  0  0  0  0  0
   -3.4505   -2.1750    0.0000 C   0  0  0  0  0  0  0  0  0  0  0  0
   -4.2753   -0.7551    0.0000 C   0  0  0  0  0  0  0  0  0  0  0  0
   -4.2753   -2.1840    0.0000 C   0  0  0  0  0  0  0  0  0  0  0  0
   -3.0312   -2.8917    0.0000 N   0  0  0  0  0  0  0  0  0  0  0  0
   -4.7035   -1.4628    0.0000 C   0  0  0  0  0  0  0  0  0  0  0  0
   -4.6674   -0.0114    0.0000 C   0  0  0  0  0  0  0  0  0  0  0  0
   -4.6674   -2.9278    0.0000 O   0  0  0  0  0  0  0  0  0  0  0  0
   -5.5373   -1.4628    0.0000 O   0  0  0  0  0  0  0  0  0  0  0  0
   -5.5600   -0.0340    0.0000 N   0  0  0  0  0  0  0  0  0  0  0  0
    0.7505   -4.3066    0.0000 S   0  0  0  0  0  0  0  0  0  0  0  0
    0.7415   -5.1315    0.0000 O   0  0  0  0  0  0  0  0  0  0  0  0
    1.5799   -4.3066    0.0000 O   0  0  0  0  0  0  0  0  0  0  0  0
   -0.0699   -4.2976    0.0000 O   0  0  0  0  0  0  0  0  0  0  0  0
    0.7641   -3.4862    0.0000 O   0  0  0  0  0  0  0  0  0  0  0  0
    4.4917   -2.0172    0.0000 S   0  0  0  0  0  0  0  0  0  0  0  0
    4.5593   -2.8466    0.0000 O   0  0  0  0  0  0  0  0  0  0  0  0
    5.3031   -1.9360    0.0000 O   0  0  0  0  0  0  0  0  0  0  0  0
    3.6669   -2.0894    0.0000 O   0  0  0  0  0  0  0  0  0  0  0  0
    4.4106   -1.1968    0.0000 O   0  0  0  0  0  0  0  0  0  0  0  0
    4.7351    1.1110    0.0000 S   0  0  0  0  0  0  0  0  0  0  0  0
    5.5600    1.0749    0.0000 O   0  0  0  0  0  0  0  0  0  0  0  0
    4.6991    0.3040    0.0000 O   0  0  0  0  0  0  0  0  0  0  0  0
    3.9103    1.1470    0.0000 O   0  0  0  0  0  0  0  0  0  0  0  0
    4.7712    1.9404    0.0000 O   0  0  0  0  0  0  0  0  0  0  0  0
  1  2  1  0      
  1  3  1  6      
  1  4  1  0      
  2  5  1  1      
  2  6  1  0      
  3  7  1  0      
  4  8  1  0      
  4  9  1  1      
  5 10  1  0      
  6 11  1  0      
  6 12  1  6      
  7 13  1  6      
  7 14  1  0      
  8 11  1  0      
 10 15  1  0      
 10 16  1  1      
 11 17  1  1      
 13 18  1  0      
 14 19  1  0      
 14 20  1  6      
 15 21  1  0      
 15 22  1  6      
 16 23  1  0      
 18 24  1  0      
 18 25  1  1      
 19 24  1  0      
 19 26  1  1      
 21 23  1  0      
 21 27  1  6      
 23 28  1  1      
 24 29  1  6      
 25 30  1  0      
 27 31  1  0      
 28 32  1  0      
 31 33  1  6      
 31 34  1  0      
 33 35  1  0      
 34 36  1  0      
 34 37  1  6      
 35 38  1  0      
 35 39  1  6      
 36 40  1  1      
 36 38  1  0      
 38 41  1  6      
 39 42  1  0      
 43 44  1  0      
 43 45  1  0      
 43 46  2  0      
 43 47  2  0      
 48 49  1  0      
 48 50  1  0      
 48 51  2  0      
 48 52  2  0      
 53 54  1  0      
 53 55  1  0      
 53 56  2  0      
 53 57  2  0      
M  END
