
  Mrv1902 03021918242D          

 39 43  0  0  0  0            999 V2000
   -0.7141    0.8877    0.0000 C   0  0  0  0  0  0  0  0  0  0  0  0
   -1.4286    1.3002    0.0000 C   0  0  0  0  0  0  0  0  0  0  0  0
   -2.1431    0.8877    0.0000 C   0  0  0  0  0  0  0  0  0  0  0  0
   -2.1431    0.0627    0.0000 C   0  0  0  0  0  0  0  0  0  0  0  0
   -1.4286   -0.3497    0.0000 C   0  0  0  0  0  0  0  0  0  0  0  0
   -0.7141    0.0627    0.0000 C   0  0  0  0  0  0  0  0  0  0  0  0
   -1.4286    2.1252    0.0000 N   0  0  0  0  0  0  0  0  0  0  0  0
    0.0002   -0.3497    0.0000 N   0  0  0  0  0  0  0  0  0  0  0  0
    0.7147    0.0627    0.0000 C   0  0  0  0  0  0  0  0  0  0  0  0
    1.4292   -0.3497    0.0000 C   0  0  0  0  0  0  0  0  0  0  0  0
    2.8581   -0.3497    0.0000 C   0  0  0  0  0  0  0  0  0  0  0  0
    2.1436    0.0627    0.0000 C   0  0  0  0  0  0  0  0  0  0  0  0
    1.4292   -1.1747    0.0000 C   0  0  0  0  0  0  0  0  0  0  0  0
    2.1436   -1.5872    0.0000 C   0  0  0  0  0  0  0  0  0  0  0  0
    2.8581   -1.1747    0.0000 C   0  0  0  0  0  0  0  0  0  0  0  0
    3.5725   -1.5872    0.0000 C   0  0  0  0  0  0  0  0  0  0  0  0
    2.1436   -2.4122    0.0000 N   0  0  0  0  0  0  0  0  0  0  0  0
    1.4292   -2.8247    0.0000 C   0  0  0  0  0  0  0  0  0  0  0  0
    1.4292   -3.6497    0.0000 N   0  0  0  0  0  0  0  0  0  0  0  0
    0.7147   -4.0622    0.0000 C   0  0  0  0  0  0  0  0  0  0  0  0
    0.0002   -3.6497    0.0000 C   0  0  0  0  0  0  0  0  0  0  0  0
    0.0002   -2.8247    0.0000 C   0  0  0  0  0  0  0  0  0  0  0  0
    0.7147   -2.4122    0.0000 N   0  0  0  0  0  0  0  0  0  0  0  0
   -0.7141   -2.4122    0.0000 C   0  0  0  0  0  0  0  0  0  0  0  0
   -0.7141   -1.5872    0.0000 C   0  0  0  0  0  0  0  0  0  0  0  0
   -1.4286   -2.8247    0.0000 C   0  0  0  0  0  0  0  0  0  0  0  0
   -2.1431   -2.4122    0.0000 C   0  0  0  0  0  0  0  0  0  0  0  0
   -2.1431   -1.5872    0.0000 C   0  0  0  0  0  0  0  0  0  0  0  0
   -1.4286   -1.1747    0.0000 N   0  0  0  0  0  0  0  0  0  0  0  0
   -1.8411    3.3947    0.0000 C   0  0  0  0  0  0  0  0  0  0  0  0
   -1.0161    3.3947    0.0000 N   0  0  0  0  0  0  0  0  0  0  0  0
   -0.7612    2.6101    0.0000 C   0  0  0  0  0  0  0  0  0  0  0  0
   -2.0961    2.6101    0.0000 C   0  0  0  0  0  0  0  0  0  0  0  0
   -2.3261    4.0622    0.0000 C   0  0  0  0  0  0  0  0  0  0  0  0
    0.7147    0.8877    0.0000 O   0  0  0  0  0  0  0  0  0  0  0  0
   -2.8575   -0.3497    0.0000 C   0  0  0  0  0  0  0  0  0  0  0  0
   -2.8560   -1.1799    0.0000 F   0  0  0  0  0  0  0  0  0  0  0  0
   -3.5725    0.0639    0.0000 F   0  0  0  0  0  0  0  0  0  0  0  0
   -3.5725   -0.7619    0.0000 F   0  0  0  0  0  0  0  0  0  0  0  0
  1  2  2  0  0  0  0
  1  6  1  0  0  0  0
  2  3  1  0  0  0  0
  3  4  2  0  0  0  0
  4  5  1  0  0  0  0
  5  6  2  0  0  0  0
  2  7  1  0  0  0  0
  6  8  1  0  0  0  0
  8  9  1  0  0  0  0
  9 10  1  0  0  0  0
 12 10  2  0  0  0  0
 10 13  1  0  0  0  0
 11 12  1  0  0  0  0
 11 15  2  0  0  0  0
 13 14  2  0  0  0  0
 14 15  1  0  0  0  0
 15 16  1  0  0  0  0
 14 17  1  0  0  0  0
 17 18  1  0  0  0  0
 18 19  2  0  0  0  0
 18 23  1  0  0  0  0
 19 20  1  0  0  0  0
 20 21  2  0  0  0  0
 21 22  1  0  0  0  0
 22 23  2  0  0  0  0
 22 24  1  0  0  0  0
 25 24  2  0  0  0  0
 24 26  1  0  0  0  0
 25 29  1  0  0  0  0
 26 27  2  0  0  0  0
 27 28  1  0  0  0  0
 28 29  2  0  0  0  0
 32  7  1  0  0  0  0
  7 33  1  0  0  0  0
 30 31  1  0  0  0  0
 30 33  2  0  0  0  0
 31 32  2  0  0  0  0
 30 34  1  0  0  0  0
  9 35  2  0  0  0  0
  4 36  1  0  0  0  0
 36 37  1  0  0  0  0
 36 38  1  0  0  0  0
 36 39  1  0  0  0  0
M  END
