4821
  Mrv0541 02231217562D          

 18 20  0  0  1  0            999 V2000
    2.3645    1.0928    0.0000 N   0  0  0  0  0  0  0  0  0  0  0  0
    4.5214    2.3588    0.0000 N   0  0  0  0  0  0  0  0  0  0  0  0
    3.0790   -0.1447    0.0000 C   0  0  0  0  0  0  0  0  0  0  0  0
    2.3645    0.2678    0.0000 C   0  0  0  0  0  0  0  0  0  0  0  0
    3.7934    0.2678    0.0000 C   0  0  0  0  0  0  0  0  0  0  0  0
    3.0790    1.5053    0.0000 C   0  0  0  0  0  0  0  0  0  0  0  0
    3.7934    1.0928    0.0000 C   0  0  0  0  0  0  0  0  0  0  0  0
    3.0790   -0.9697    0.0000 C   0  0  0  0  0  0  0  0  0  0  0  0
    4.5309    1.5339    0.0000 C   0  0  0  0  0  0  0  0  0  0  0  0
    4.5309   -0.1733    0.0000 C   0  0  0  0  0  0  0  0  0  0  0  0
    1.6500    1.5053    0.0000 C   0  0  0  0  0  0  0  0  0  0  0  0
    5.2784    1.1100    0.0000 C   0  0  0  0  0  0  0  0  0  0  0  0
    3.7934   -1.3822    0.0000 C   0  0  0  0  0  0  0  0  0  0  0  0
    2.3645   -1.3822    0.0000 C   0  0  0  0  0  0  0  0  0  0  0  0
    5.2784    0.2506    0.0000 C   0  0  0  0  0  0  0  0  0  0  0  0
    3.7934   -2.2072    0.0000 C   0  0  0  0  0  0  0  0  0  0  0  0
    2.3645   -2.2072    0.0000 C   0  0  0  0  0  0  0  0  0  0  0  0
    3.0790   -2.6197    0.0000 C   0  0  0  0  0  0  0  0  0  0  0  0
  1  4  1  0  0  0  0
  1  6  1  0  0  0  0
  1 11  1  0  0  0  0
  2  9  1  0  0  0  0
  3  4  1  0  0  0  0
  3  5  1  0  0  0  0
  3  8  1  0  0  0  0
  5  7  2  0  0  0  0
  5 10  1  0  0  0  0
  6  7  1  0  0  0  0
  7  9  1  0  0  0  0
  8 13  2  0  0  0  0
  8 14  1  0  0  0  0
  9 12  2  0  0  0  0
 10 15  2  0  0  0  0
 12 15  1  0  0  0  0
 13 16  1  0  0  0  0
 14 17  2  0  0  0  0
 16 18  2  0  0  0  0
 17 18  1  0  0  0  0
M  END
