
  Mrv1718012121823432D          

 26 29  0  0  0  0            999 V2000
    0.6793   -1.7774    0.0000 C   0  0  0  0  0  0  0  0  0  0  0  0
    0.6793   -0.9524    0.0000 C   0  0  2  0  0  0  0  0  0  0  0  0
   -0.7495   -0.9524    0.0000 C   0  0  2  0  0  0  0  0  0  0  0  0
   -0.0350   -2.1899    0.0000 C   0  0  0  0  0  0  0  0  0  0  0  0
   -0.7495   -1.7774    0.0000 C   0  0  0  0  0  0  0  0  0  0  0  0
   -1.4640   -0.5399    0.0000 C   0  0  0  0  0  0  0  0  0  0  0  0
   -1.4640   -2.1899    0.0000 C   0  0  0  0  0  0  0  0  0  0  0  0
   -2.1784   -0.9524    0.0000 C   0  0  0  0  0  0  0  0  0  0  0  0
   -2.1784   -1.7774    0.0000 C   0  0  0  0  0  0  0  0  0  0  0  0
   -0.0350   -0.5399    0.0000 C   0  0  1  0  0  0  0  0  0  0  0  0
    2.1784   -0.7948    0.0000 C   0  0  0  0  0  0  0  0  0  0  0  0
    0.6793    0.6975    0.0000 C   0  0  0  0  0  0  0  0  0  0  0  0
    2.6634   -0.1274    0.0000 C   0  0  0  0  0  0  0  0  0  0  0  0
   -0.0350    0.2850    0.0000 C   0  0  0  0  0  0  0  0  0  0  0  0
   -2.8929   -2.1899    0.0000 O   0  0  0  0  0  0  0  0  0  0  0  0
   -0.7495   -0.1274    0.0000 H   0  0  0  0  0  0  0  0  0  0  0  0
   -0.0350   -1.3649    0.0000 H   0  0  0  0  0  0  0  0  0  0  0  0
    0.6793   -0.1274    0.0000 H   0  0  0  0  0  0  0  0  0  0  0  0
    1.3938    0.2850    0.0000 C   0  0  1  0  0  0  0  0  0  0  0  0
    1.3938    1.1100    0.0000 C   0  0  0  0  0  0  0  0  0  0  0  0
    1.3938   -0.5399    0.0000 C   0  0  2  0  0  0  0  0  0  0  0  0
    1.3938   -1.3649    0.0000 H   0  0  0  0  0  0  0  0  0  0  0  0
    2.1784    0.5399    0.0000 C   0  0  1  0  0  0  0  0  0  0  0  0
    2.8929    0.9524    0.0000 O   0  0  0  0  0  0  0  0  0  0  0  0
    2.1784    1.3649    0.0000 C   0  0  0  0  0  0  0  0  0  0  0  0
    2.1784    2.1899    0.0000 C   0  0  0  0  0  0  0  0  0  0  0  0
  2  1  1  0  0  0  0
  2 21  1  0  0  0  0
  2 18  1  1  0  0  0
  3 16  1  1  0  0  0
  1  4  1  0  0  0  0
  3  5  1  0  0  0  0
  4  5  1  0  0  0  0
  3  6  1  0  0  0  0
  5  7  2  0  0  0  0
  6  8  1  0  0  0  0
  8  9  1  0  0  0  0
  7  9  1  0  0  0  0
  9 15  2  0  0  0  0
 10  2  1  0  0  0  0
 10  3  1  0  0  0  0
 10 14  1  0  0  0  0
 10 17  1  6  0  0  0
 21 11  1  0  0  0  0
 11 13  1  0  0  0  0
 19 12  1  0  0  0  0
 12 14  1  0  0  0  0
 23 13  1  0  0  0  0
 21 19  1  0  0  0  0
 19 23  1  0  0  0  0
 19 20  1  1  0  0  0
 21 22  1  6  0  0  0
 23 24  1  1  0  0  0
 23 25  1  0  0  0  0
 25 26  3  0  0  0  0
M  END
