
  Mrv1909 12171918222D          

 65 67  0  0  0  0            999 V2000
    4.2834    2.2687    0.0000 C   0  0  1  0  0  0  0  0  0  0  0  0
    4.2834    1.4420    0.0000 O   0  0  0  0  0  0  0  0  0  0  0  0
    5.7104    1.4420    0.0000 C   0  0  0  0  0  0  0  0  0  0  0  0
    5.7104    2.2687    0.0000 C   0  0  0  0  0  0  0  0  0  0  0  0
    4.9969    2.6862    0.0000 C   0  0  0  0  0  0  0  0  0  0  0  0
    3.5694    2.6779    0.0000 C   0  0  0  0  0  0  0  0  0  0  0  0
    2.8554    2.2645    0.0000 C   0  0  0  0  0  0  0  0  0  0  0  0
    2.1414    2.6737    0.0000 C   0  0  0  0  0  0  0  0  0  0  0  0
    1.4275    2.2603    0.0000 C   0  0  0  0  0  0  0  0  0  0  0  0
    0.7135    2.6696    0.0000 C   0  0  0  0  0  0  0  0  0  0  0  0
   -0.0004    2.2562    0.0000 C   0  0  0  0  0  0  0  0  0  0  0  0
   -0.7144    2.6654    0.0000 C   0  0  0  0  0  0  0  0  0  0  0  0
   -1.4284    2.2520    0.0000 C   0  0  0  0  0  0  0  0  0  0  0  0
   -2.1423    2.6612    0.0000 C   0  0  0  0  0  0  0  0  0  0  0  0
   -2.8563    2.2478    0.0000 C   0  0  0  0  0  0  0  0  0  0  0  0
   -3.5703    2.6570    0.0000 C   0  0  0  0  0  0  0  0  0  0  0  0
   -4.2843    2.2437    0.0000 C   0  0  0  0  0  0  0  0  0  0  0  0
   -4.9982    2.6528    0.0000 O   0  0  0  0  0  0  0  0  0  0  0  0
   -5.7122    2.2395    0.0000 C   0  0  1  0  0  0  0  0  0  0  0  0
   -6.4262    2.6486    0.0000 C   0  0  0  0  0  0  0  0  0  0  0  0
   -5.7104    1.4128    0.0000 C   0  0  1  0  0  0  0  0  0  0  0  0
   -6.4254    0.9978    0.0000 C   0  0  2  0  0  0  0  0  0  0  0  0
   -4.9935    1.0010    0.0000 C   0  0  0  0  0  0  0  0  0  0  0  0
   -7.1423    1.4097    0.0000 O   0  0  0  0  0  0  0  0  0  0  0  0
   -6.4236    0.1711    0.0000 C   0  0  1  0  0  0  0  0  0  0  0  0
   -7.1387   -0.2437    0.0000 C   0  0  0  0  0  0  0  0  0  0  0  0
   -5.7067   -0.2405    0.0000 C   0  0  0  0  0  0  0  0  0  0  0  0
   -4.9940    0.1769    0.0000 C   0  0  0  0  0  0  0  0  0  0  0  0
   -4.2801   -0.2322    0.0000 C   0  0  0  0  0  0  0  0  0  0  0  0
   -3.5661    0.1810    0.0000 C   0  0  0  0  0  0  0  0  0  0  0  0
   -2.8521   -0.2280    0.0000 C   0  0  0  0  0  0  0  0  0  0  0  0
   -2.1381    0.1852    0.0000 C   0  0  0  0  0  0  0  0  0  0  0  0
   -1.4241   -0.2238    0.0000 C   0  0  0  0  0  0  0  0  0  0  0  0
   -0.7102    0.1894    0.0000 C   0  0  0  0  0  0  0  0  0  0  0  0
    0.0037   -0.2197    0.0000 C   0  0  0  0  0  0  0  0  0  0  0  0
    0.7177    0.1936    0.0000 C   0  0  0  0  0  0  0  0  0  0  0  0
    1.4317   -0.2155    0.0000 C   0  0  0  0  0  0  0  0  0  0  0  0
    2.1456    0.1978    0.0000 C   0  0  0  0  0  0  0  0  0  0  0  0
    2.8596   -0.2113    0.0000 C   0  0  0  0  0  0  0  0  0  0  0  0
    3.5736    0.2020    0.0000 C   0  0  0  0  0  0  0  0  0  0  0  0
    4.2876   -0.2072    0.0000 C   0  0  0  0  0  0  0  0  0  0  0  0
    6.4275    2.6800    0.0000 O   0  0  0  0  0  0  0  0  0  0  0  0
    6.4257    1.0276    0.0000 C   0  0  0  0  0  0  0  0  0  0  0  0
    6.4245    0.2009    0.0000 O   0  0  0  0  0  0  0  0  0  0  0  0
    7.1423    1.4399    0.0000 O   0  0  0  0  0  0  0  0  0  0  0  0
    4.2793    3.0955    0.0000 O   0  0  0  0  0  0  0  0  0  0  0  0
    2.8572    1.4378    0.0000 O   0  0  0  0  0  0  0  0  0  0  0  0
    2.1396    3.5004    0.0000 O   0  0  0  0  0  0  0  0  0  0  0  0
    0.0013    1.4295    0.0000 O   0  0  0  0  0  0  0  0  0  0  0  0
   -1.4266    1.4253    0.0000 O   0  0  0  0  0  0  0  0  0  0  0  0
   -2.8545    1.4211    0.0000 O   0  0  0  0  0  0  0  0  0  0  0  0
   -4.2825    1.4170    0.0000 O   0  0  0  0  0  0  0  0  0  0  0  0
    4.2902   -1.0339    0.0000 O   0  0  0  0  0  0  0  0  0  0  0  0
    5.0022    0.2084    0.0000 C   0  0  0  0  0  0  0  0  0  0  0  0
    4.9995    1.0351    0.0000 C   0  0  0  0  0  0  0  0  0  0  0  0
    5.0015   -1.4430    0.0000 C   0  0  2  0  0  0  0  0  0  0  0  0
    5.0008   -2.2646    0.0000 C   0  0  2  0  0  0  0  0  0  0  0  0
    5.7081   -2.6737    0.0000 C   0  0  2  0  0  0  0  0  0  0  0  0
    6.4206   -2.2657    0.0000 C   0  0  1  0  0  0  0  0  0  0  0  0
    6.4213   -1.4441    0.0000 C   0  0  2  0  0  0  0  0  0  0  0  0
    5.7095   -1.0306    0.0000 O   0  0  0  0  0  0  0  0  0  0  0  0
    7.1380   -1.0321    0.0000 C   0  0  0  0  0  0  0  0  0  0  0  0
    7.1357   -2.6807    0.0000 O   0  0  0  0  0  0  0  0  0  0  0  0
    5.7063   -3.5004    0.0000 N   0  0  0  0  0  0  0  0  0  0  0  0
    4.2846   -2.6774    0.0000 O   0  0  0  0  0  0  0  0  0  0  0  0
 31 32  1  0  0  0  0
  6  7  1  0  0  0  0
 32 33  1  0  0  0  0
 15 16  1  0  0  0  0
 33 34  2  0  0  0  0
  1  5  1  0  0  0  0
 34 35  1  0  0  0  0
 16 17  1  0  0  0  0
 35 36  2  0  0  0  0
  7  8  1  0  0  0  0
 36 37  1  0  0  0  0
 17 18  1  0  0  0  0
 37 38  2  0  0  0  0
  2 55  1  0  0  0  0
 38 39  1  0  0  0  0
 18 19  1  0  0  0  0
 39 40  2  0  0  0  0
  8  9  1  0  0  0  0
 40 41  1  0  0  0  0
 19 20  1  6  0  0  0
  4 42  1  0  0  0  0
 55  3  1  0  0  0  0
  3 43  1  0  0  0  0
 19 21  1  0  0  0  0
 43 44  2  0  0  0  0
  9 10  1  0  0  0  0
 43 45  1  0  0  0  0
 21 22  1  0  0  0  0
  1 46  1  1  0  0  0
  3  4  1  0  0  0  0
  7 47  1  0  0  0  0
 21 23  1  6  0  0  0
  8 48  1  0  0  0  0
 10 11  1  0  0  0  0
 11 49  1  0  0  0  0
 22 24  1  1  0  0  0
 13 50  1  0  0  0  0
  4  5  1  0  0  0  0
 15 51  1  0  0  0  0
 22 25  1  0  0  0  0
 17 52  2  0  0  0  0
 11 12  1  0  0  0  0
 41 53  1  0  0  0  0
 25 26  1  6  0  0  0
 41 54  1  0  0  0  0
  1  2  1  0  0  0  0
 54 55  1  0  0  0  0
 25 27  1  0  0  0  0
 56 53  1  1  0  0  0
 56 57  1  0  0  0  0
 12 13  1  0  0  0  0
 27 28  2  0  0  0  0
  1  6  1  0  0  0  0
 28 29  1  0  0  0  0
 13 14  1  0  0  0  0
 56 61  1  0  0  0  0
 57 58  1  0  0  0  0
 58 59  1  0  0  0  0
 59 60  1  0  0  0  0
 60 61  1  0  0  0  0
 29 30  2  0  0  0  0
 60 62  1  6  0  0  0
 59 63  1  1  0  0  0
 30 31  1  0  0  0  0
 58 64  1  6  0  0  0
 14 15  1  0  0  0  0
 57 65  1  6  0  0  0
M  END
