621
  Mrv0541 02231214492D          

 26 29  0  0  1  0            999 V2000
    7.5474    1.4947    0.0000 O   0  0  0  0  0  0  0  0  0  0  0  0
    2.3727   -0.4535    0.0000 O   0  0  0  0  0  0  0  0  0  0  0  0
    1.6498   -1.7582    0.0000 O   0  0  0  0  0  0  0  0  0  0  0  0
    6.0987   -0.0653    0.0000 C   0  0  2  0  0  0  0  0  0  0  0  0
    6.0987    0.7597    0.0000 C   0  0  1  0  0  0  0  0  0  0  0  0
    5.3843   -0.4777    0.0000 C   0  0  1  0  0  0  0  0  0  0  0  0
    4.6698   -0.0653    0.0000 C   0  0  1  0  0  0  0  0  0  0  0  0
    3.9192   -0.4833    0.0000 C   0  0  2  0  0  0  0  0  0  0  0  0
    6.8793    1.0111    0.0000 C   0  0  2  0  0  0  0  0  0  0  0  0
    5.3843    1.1722    0.0000 C   0  0  0  0  0  0  0  0  0  0  0  0
    4.6698    0.7597    0.0000 C   0  0  0  0  0  0  0  0  0  0  0  0
    6.8793   -0.3166    0.0000 C   0  0  0  0  0  0  0  0  0  0  0  0
    3.9126   -1.3425    0.0000 C   0  0  1  0  0  0  0  0  0  0  0  0
    5.3975   -1.3368    0.0000 C   0  0  0  0  0  0  0  0  0  0  0  0
    7.3607    0.3473    0.0000 C   0  0  0  0  0  0  0  0  0  0  0  0
    4.6567   -1.7722    0.0000 C   0  0  0  0  0  0  0  0  0  0  0  0
    6.0987    1.5846    0.0000 C   0  0  0  0  0  0  0  0  0  0  0  0
    3.1546   -0.0180    0.0000 C   0  0  0  0  0  0  0  0  0  0  0  0
    3.9255    0.3416    0.0000 C   0  0  0  0  0  0  0  0  0  0  0  0
    3.1409   -1.7960    0.0000 C   0  0  0  0  0  0  0  0  0  0  0  0
    6.6257    1.7960    0.0000 C   0  0  0  0  0  0  0  0  0  0  0  0
    2.3658   -1.3485    0.0000 C   0  0  0  0  0  0  0  0  0  0  0  0
    6.1685   -0.7215    0.0000 H   0  0  0  0  0  0  0  0  0  0  0  0
    5.9583   -0.8032    0.0000 H   0  0  0  0  0  0  0  0  0  0  0  0
    5.2415    0.2647    0.0000 H   0  0  0  0  0  0  0  0  0  0  0  0
    3.9151   -2.0025    0.0000 H   0  0  0  0  0  0  0  0  0  0  0  0
  9  1  1  1  0  0  0
  2 18  1  0  0  0  0
  2 22  1  0  0  0  0
  3 22  2  0  0  0  0
  4  5  1  0  0  0  0
  4  6  1  0  0  0  0
  4 12  1  0  0  0  0
  4 23  1  6  0  0  0
  5  9  1  0  0  0  0
  5 10  1  0  0  0  0
  5 17  1  1  0  0  0
  6  7  1  0  0  0  0
  6 14  1  0  0  0  0
  6 24  1  1  0  0  0
  7  8  1  0  0  0  0
  7 11  1  0  0  0  0
  7 25  1  6  0  0  0
  8 13  1  0  0  0  0
  8 18  1  0  0  0  0
  8 19  1  1  0  0  0
  9 15  1  0  0  0  0
  9 21  1  0  0  0  0
 10 11  1  0  0  0  0
 12 15  1  0  0  0  0
 13 16  1  0  0  0  0
 13 20  1  0  0  0  0
 13 26  1  6  0  0  0
 14 16  1  0  0  0  0
 20 22  1  0  0  0  0
M  END
