
  Mrv1909 12031923132D          

 11 11  0  0  0  0            999 V2000
    0.0115   -0.0627    0.0000 N   0  0  0  0  0  0  0  0  0  0  0  0
    0.6789   -0.5476    0.0000 C   0  0  0  0  0  0  0  0  0  0  0  0
   -0.6558   -0.5476    0.0000 C   0  0  0  0  0  0  0  0  0  0  0  0
    0.0115    0.7622    0.0000 C   0  0  0  0  0  0  0  0  0  0  0  0
    0.4240   -1.3323    0.0000 C   0  0  0  0  0  0  0  0  0  0  0  0
   -0.4009   -1.3323    0.0000 C   0  0  0  0  0  0  0  0  0  0  0  0
   -1.4405   -0.2927    0.0000 O   0  0  0  0  0  0  0  0  0  0  0  0
    0.7260    1.1747    0.0000 C   0  0  0  0  0  0  0  0  0  0  0  0
    0.9089   -1.9997    0.0000 O   0  0  0  0  0  0  0  0  0  0  0  0
    0.7260    1.9997    0.0000 O   0  0  0  0  0  0  0  0  0  0  0  0
    1.4405    0.7622    0.0000 N   0  0  0  0  0  0  0  0  0  0  0  0
  1  2  1  0  0  0  0
  1  3  1  0  0  0  0
  1  4  1  0  0  0  0
  2  5  1  0  0  0  0
  3  6  1  0  0  0  0
  3  7  2  0  0  0  0
  4  8  1  0  0  0  0
  5  9  1  0  0  0  0
  8 10  2  0  0  0  0
  8 11  1  0  0  0  0
  5  6  1  0  0  0  0
M  END
