497
  Mrv1909 03102001322D          

 23 27  0  0  1  0            999 V2000
   -0.7022   -0.0077    0.0000 C   0  0  0  0  0  0  0  0  0  0  0  0
   -1.4167    0.4048    0.0000 C   0  0  0  0  0  0  0  0  0  0  0  0
    0.0122    0.4048    0.0000 C   0  0  0  0  0  0  0  0  0  0  0  0
   -1.4167    1.2298    0.0000 C   0  0  0  0  0  0  0  0  0  0  0  0
    0.0122    1.2298    0.0000 C   0  0  0  0  0  0  0  0  0  0  0  0
   -0.7022    1.6423    0.0000 C   0  0  0  0  0  0  0  0  0  0  0  0
   -0.6992   -0.8291    0.0000 C   0  0  2  0  0  0  0  0  0  0  0  0
    0.0087   -1.2460    0.0000 C   0  0  2  0  0  0  0  0  0  0  0  0
   -1.4150   -1.2340    0.0000 C   0  0  1  0  0  0  0  0  0  0  0  0
    0.7246   -0.8337    0.0000 C   0  0  1  0  0  0  0  0  0  0  0  0
    0.0045   -2.0636    0.0000 C   0  0  0  0  0  0  0  0  0  0  0  0
   -2.2394   -0.3573    0.0000 O   0  0  0  0  0  0  0  0  0  0  0  0
   -1.4229   -2.0518    0.0000 C   0  0  0  0  0  0  0  0  0  0  0  0
    0.7288   -0.0123    0.0000 C   0  0  0  0  0  0  0  0  0  0  0  0
    1.4397   -1.2543    0.0000 N   0  0  0  0  0  0  0  0  0  0  0  0
   -0.7150   -2.4719    0.0000 C   0  0  0  0  0  0  0  0  0  0  0  0
   -2.1365   -2.4660    0.0000 O   0  0  0  0  0  0  0  0  0  0  0  0
   -2.1285    1.6470    0.0000 O   0  0  0  0  0  0  0  0  0  0  0  0
    2.2394   -1.0357    0.0000 C   0  0  0  0  0  0  0  0  0  0  0  0
    0.6791   -1.7267    0.0000 O   0  0  0  0  0  0  0  0  0  0  0  0
    1.4376   -0.4168    0.0000 C   0  0  0  0  0  0  0  0  0  0  0  0
    0.0161   -0.4157    0.0000 C   0  0  0  0  0  0  0  0  0  0  0  0
   -2.1231    2.4719    0.0000 C   0  0  0  0  0  0  0  0  0  0  0  0
  7  1  1  0  0  0  0
  1  2  1  0  0  0  0
  2 12  1  0  0  0  0
  1  3  2  0  0  0  0
  3 14  1  0  0  0  0
  2  4  2  0  0  0  0
  4 18  1  0  0  0  0
  3  5  1  0  0  0  0
  4  6  1  0  0  0  0
  5  6  2  0  0  0  0
  7  8  1  0  0  0  0
  7  9  1  0  0  0  0
  7 22  1  1  0  0  0
  8 10  1  0  0  0  0
  8 11  1  0  0  0  0
  8 20  1  1  0  0  0
  9 12  1  6  0  0  0
  9 13  1  0  0  0  0
 10 15  1  1  0  0  0
 10 14  1  0  0  0  0
 11 16  1  0  0  0  0
 13 17  2  0  0  0  0
 13 16  1  0  0  0  0
 15 19  1  0  0  0  0
 21 15  1  0  0  0  0
 22 21  1  0  0  0  0
 18 23  1  0  0  0  0
M  END
