
  Mrv1718012301821502D          

 35 38  0  0  0  0            999 V2000
    0.6948   -0.1983    0.0000 C   0  0  1  0  0  0  0  0  0  0  0  0
    0.7048    0.6038    0.0000 C   0  0  2  0  0  0  0  0  0  0  0  0
   -0.0398   -0.6034    0.0000 C   0  0  2  0  0  0  0  0  0  0  0  0
    1.4168   -0.6403    0.0000 C   0  0  1  0  0  0  0  0  0  0  0  0
   -0.0005    1.0216    0.0000 C   0  0  0  0  0  0  0  0  0  0  0  0
    1.4548    1.0458    0.0000 C   0  0  0  0  0  0  0  0  0  0  0  0
    0.7048    1.4289    0.0000 O   0  0  0  0  0  0  0  0  0  0  0  0
   -0.7495   -0.1971    0.0000 C   0  0  1  0  0  0  0  0  0  0  0  0
   -0.0398   -1.4283    0.0000 O   0  0  0  0  0  0  0  0  0  0  0  0
    2.1632   -0.2198    0.0000 C   0  0  0  0  0  0  0  0  0  0  0  0
    1.4168   -1.4652    0.0000 N   0  0  0  0  0  0  0  0  0  0  0  0
   -0.7425    0.6279    0.0000 C   0  0  0  0  0  0  0  0  0  0  0  0
   -0.0005    1.8465    0.0000 O   0  0  0  0  0  0  0  0  0  0  0  0
    2.1697    0.5922    0.0000 C   0  0  0  0  0  0  0  0  0  0  0  0
    1.4548    1.8708    0.0000 O   0  0  0  0  0  0  0  0  0  0  0  0
   -1.4708   -0.6022    0.0000 C   0  0  2  0  0  0  0  0  0  0  0  0
    2.8790   -0.6324    0.0000 O   0  0  0  0  0  0  0  0  0  0  0  0
    2.1245   -1.8729    0.0000 C   0  0  0  0  0  0  0  0  0  0  0  0
    0.6967   -1.8783    0.0000 C   0  0  0  0  0  0  0  0  0  0  0  0
   -1.4412    1.0533    0.0000 C   0  0  0  0  0  0  0  0  0  0  0  0
    2.8856    1.0048    0.0000 C   0  0  0  0  0  0  0  0  0  0  0  0
   -2.1746   -0.1843    0.0000 C   0  0  0  0  0  0  0  0  0  0  0  0
   -2.1066   -1.1256    0.0000 C   0  0  0  0  0  0  0  0  0  0  0  0
   -2.1746    0.6407    0.0000 C   0  0  0  0  0  0  0  0  0  0  0  0
   -1.4412    1.8783    0.0000 O   0  0  0  0  0  0  0  0  0  0  0  0
    3.6053    0.5878    0.0000 N   0  0  0  0  0  0  0  0  0  0  0  0
    2.8856    1.8250    0.0000 O   0  0  0  0  0  0  0  0  0  0  0  0
   -2.8910   -0.5852    0.0000 C   0  0  0  0  0  0  0  0  0  0  0  0
   -2.8594    1.0533    0.0000 C   0  0  0  0  0  0  0  0  0  0  0  0
   -3.6053   -0.1740    0.0000 C   0  0  0  0  0  0  0  0  0  0  0  0
   -3.6053    0.6523    0.0000 C   0  0  0  0  0  0  0  0  0  0  0  0
   -2.8594    1.8782    0.0000 O   0  0  0  0  0  0  0  0  0  0  0  0
    0.6948   -1.0228    0.0000 H   0  0  0  0  0  0  0  0  0  0  0  0
   -0.7495   -1.0221    0.0000 H   0  0  0  0  0  0  0  0  0  0  0  0
   -1.2603   -1.3979    0.0000 O   0  0  0  0  0  0  0  0  0  0  0  0
  1  2  1  0  0  0  0
  1  3  1  0  0  0  0
  1  4  1  0  0  0  0
  2  5  1  0  0  0  0
  2  6  1  0  0  0  0
  2  7  1  1  0  0  0
  3  8  1  0  0  0  0
  3  9  1  1  0  0  0
  4 10  1  0  0  0  0
  4 11  1  1  0  0  0
  5 12  2  0  0  0  0
  5 13  1  0  0  0  0
  6 14  1  0  0  0  0
  6 15  2  0  0  0  0
  8 16  1  0  0  0  0
 10 17  1  0  0  0  0
 11 18  1  0  0  0  0
 11 19  1  0  0  0  0
 12 20  1  0  0  0  0
 14 21  1  0  0  0  0
 16 22  1  0  0  0  0
 16 23  1  1  0  0  0
 20 24  1  0  0  0  0
 20 25  2  0  0  0  0
 21 26  1  0  0  0  0
 21 27  2  0  0  0  0
 22 28  1  0  0  0  0
 24 29  1  0  0  0  0
 28 30  2  0  0  0  0
 29 31  2  0  0  0  0
 29 32  1  0  0  0  0
  8 12  1  0  0  0  0
 10 14  2  0  0  0  0
 22 24  2  0  0  0  0
 30 31  1  0  0  0  0
  1 33  1  1  0  0  0
  8 34  1  1  0  0  0
 16 35  1  0  0  0  0
M  END
