
  Mrv1718001081909022D          

 28 29  0  0  0  0            999 V2000
    1.3043   -0.6005    0.0000 N   0  0  0  0  0  0  0  0  0  0  0  0
    2.0911   -0.9317    0.0000 C   0  0  2  0  0  0  0  0  0  0  0  0
    1.4285    0.2276    0.0000 C   0  0  1  0  0  0  0  0  0  0  0  0
    0.6003   -1.0144    0.0000 C   0  0  0  0  0  0  0  0  0  0  0  0
    2.6293   -0.3105    0.0000 C   0  0  2  0  0  0  0  0  0  0  0  0
    2.3395   -1.7184    0.0000 C   0  0  0  0  0  0  0  0  0  0  0  0
    2.2153    0.4347    0.0000 C   0  0  0  0  0  0  0  0  0  0  0  0
    1.3872    1.0558    0.0000 C   0  0  0  0  0  0  0  0  0  0  0  0
   -0.1034   -0.6005    0.0000 C   0  0  1  0  0  0  0  0  0  0  0  0
    0.6003   -1.8426    0.0000 O   0  0  0  0  0  0  0  0  0  0  0  0
    3.4575   -0.4762    0.0000 C   0  0  0  0  0  0  0  0  0  0  0  0
    3.1262   -1.8840    0.0000 C   0  0  0  0  0  0  0  0  0  0  0  0
    2.1324    1.5113    0.0000 O   0  0  0  0  0  0  0  0  0  0  0  0
    0.6831    1.4698    0.0000 O   0  0  0  0  0  0  0  0  0  0  0  0
   -0.8488   -1.0144    0.0000 N   0  0  0  0  0  0  0  0  0  0  0  0
   -0.1034    0.2276    0.0000 C   0  0  0  0  0  0  0  0  0  0  0  0
    3.7059   -1.2629    0.0000 C   0  0  0  0  0  0  0  0  0  0  0  0
   -1.5527   -0.6005    0.0000 C   0  0  2  0  0  0  0  0  0  0  0  0
   -1.5527    0.2276    0.0000 C   0  0  0  0  0  0  0  0  0  0  0  0
   -2.2567   -1.0144    0.0000 C   0  0  0  0  0  0  0  0  0  0  0  0
   -0.8488    0.6417    0.0000 O   0  0  0  0  0  0  0  0  0  0  0  0
   -2.2567    0.6417    0.0000 O   0  0  0  0  0  0  0  0  0  0  0  0
   -3.0020   -0.6005    0.0000 C   0  0  0  0  0  0  0  0  0  0  0  0
   -0.8488    1.4698    0.0000 C   0  0  0  0  0  0  0  0  0  0  0  0
   -3.7059   -1.0144    0.0000 C   0  0  0  0  0  0  0  0  0  0  0  0
   -1.5527    1.8840    0.0000 C   0  0  0  0  0  0  0  0  0  0  0  0
    1.5113   -1.5114    0.0000 H   0  0  0  0  0  0  0  0  0  0  0  0
    3.2091    0.3105    0.0000 H   0  0  0  0  0  0  0  0  0  0  0  0
  1  2  1  0  0  0  0
  1  3  1  0  0  0  0
  1  4  1  0  0  0  0
  2  5  1  0  0  0  0
  2  6  1  0  0  0  0
  3  7  1  0  0  0  0
  3  8  1  6  0  0  0
  4  9  1  0  0  0  0
  4 10  2  0  0  0  0
  5 11  1  0  0  0  0
  6 12  1  0  0  0  0
  8 13  1  0  0  0  0
  8 14  2  0  0  0  0
  9 15  1  0  0  0  0
  9 16  1  1  0  0  0
 11 17  1  0  0  0  0
 15 18  1  0  0  0  0
 18 19  1  1  0  0  0
 18 20  1  0  0  0  0
 19 21  1  0  0  0  0
 19 22  2  0  0  0  0
 20 23  1  0  0  0  0
 21 24  1  0  0  0  0
 23 25  1  0  0  0  0
 24 26  1  0  0  0  0
  5  7  1  0  0  0  0
 12 17  1  0  0  0  0
  2 27  1  1  0  0  0
  5 28  1  1  0  0  0
M  END
