
  Mrv1718012141812102D          

 13 13  0  0  0  0            999 V2000
   -0.3572    1.8562    0.0000 C   0  0  0  0  0  0  0  0  0  0  0  0
    0.3572   -1.8562    0.0000 C   0  0  0  0  0  0  0  0  0  0  0  0
    1.0717   -1.4437    0.0000 C   0  0  0  0  0  0  0  0  0  0  0  0
   -0.3572   -1.4437    0.0000 C   0  0  0  0  0  0  0  0  0  0  0  0
    1.0717   -0.6187    0.0000 C   0  0  0  0  0  0  0  0  0  0  0  0
   -0.3572   -0.6187    0.0000 C   0  0  0  0  0  0  0  0  0  0  0  0
   -0.3572    1.0312    0.0000 C   0  0  1  0  0  0  0  0  0  0  0  0
    0.3572   -0.2062    0.0000 C   0  0  0  0  0  0  0  0  0  0  0  0
    0.3572    0.6187    0.0000 C   0  0  1  0  0  0  0  0  0  0  0  0
   -1.0717    0.6187    0.0000 N   0  0  0  0  0  0  0  0  0  0  0  0
    1.0717    1.0312    0.0000 O   0  0  0  0  0  0  0  0  0  0  0  0
    0.3572    1.4437    0.0000 H   0  0  0  0  0  0  0  0  0  0  0  0
   -0.3572    0.2062    0.0000 H   0  0  0  0  0  0  0  0  0  0  0  0
  3  2  2  0  0  0  0
  4  2  1  0  0  0  0
  5  3  1  0  0  0  0
  6  4  2  0  0  0  0
  7  1  1  0  0  0  0
  8  5  2  0  0  0  0
  8  6  1  0  0  0  0
  7  9  1  0  0  0  0
  9  8  1  0  0  0  0
  7 10  1  0  0  0  0
  9 11  1  0  0  0  0
  7 12  1  6  0  0  0
  9 13  1  1  0  0  0
M  END
