
  Mrv1718010091816282D          

 18 20  0  0  0  0            999 V2000
   -0.7146   -0.5693    0.0000 C   0  0  0  0  0  0  0  0  0  0  0  0
   -0.7146   -1.3943    0.0000 C   0  0  0  0  0  0  0  0  0  0  0  0
    0.0000   -0.1568    0.0000 C   0  0  0  0  0  0  0  0  0  0  0  0
    0.0000   -1.8068    0.0000 C   0  0  0  0  0  0  0  0  0  0  0  0
    0.7144   -0.5693    0.0000 C   0  0  0  0  0  0  0  0  0  0  0  0
    0.7144   -1.3943    0.0000 C   0  0  0  0  0  0  0  0  0  0  0  0
    0.5832    0.4264    0.0000 N   0  0  0  0  0  0  0  0  0  0  0  0
   -0.5834    0.4265    0.0000 C   0  0  0  0  0  0  0  0  0  0  0  0
   -0.3697    1.2233    0.0000 C   0  0  0  0  0  0  0  0  0  0  0  0
   -1.3802    0.2130    0.0000 C   0  0  0  0  0  0  0  0  0  0  0  0
   -0.9532    1.8068    0.0000 C   0  0  0  0  0  0  0  0  0  0  0  0
   -1.9636    0.7964    0.0000 C   0  0  0  0  0  0  0  0  0  0  0  0
   -1.7500    1.5933    0.0000 C   0  0  0  0  0  0  0  0  0  0  0  0
    1.3801    0.2129    0.0000 C   0  0  0  0  0  0  0  0  0  0  0  0
    0.3698    1.2234    0.0000 C   0  0  0  0  0  0  0  0  0  0  0  0
    1.9636    0.7964    0.0000 C   0  0  0  0  0  0  0  0  0  0  0  0
    0.9530    1.8067    0.0000 C   0  0  0  0  0  0  0  0  0  0  0  0
    1.7500    1.5932    0.0000 C   0  0  0  0  0  0  0  0  0  0  0  0
  2  1  1  0  0  0  0
  3  1  1  0  0  0  0
  4  2  1  0  0  0  0
  5  3  1  0  0  0  0
  6  4  1  0  0  0  0
  6  5  1  0  0  0  0
  7  3  1  0  0  0  0
  8  3  1  0  0  0  0
  9  8  1  0  0  0  0
 10  8  2  0  0  0  0
 11  9  2  0  0  0  0
 12 10  1  0  0  0  0
 13 11  1  0  0  0  0
 13 12  2  0  0  0  0
 14  7  1  0  0  0  0
 15  7  1  0  0  0  0
 16 14  1  0  0  0  0
 17 15  1  0  0  0  0
 18 16  1  0  0  0  0
 18 17  1  0  0  0  0
M  END
