
  Mrv1909 11181918012D          

 15 15  0  0  0  0            999 V2000
   -1.7535   -0.4125    0.0000 C   0  0  0  0  0  0  0  0  0  0  0  0
   -1.0521   -0.8251    0.0000 C   0  0  0  0  0  0  0  0  0  0  0  0
   -1.7535    0.4125    0.0000 C   0  0  0  0  0  0  0  0  0  0  0  0
   -2.4549   -0.8251    0.0000 C   0  0  0  0  0  0  0  0  0  0  0  0
   -0.3094   -0.4125    0.0000 C   0  0  0  0  0  0  0  0  0  0  0  0
   -2.4549    0.8251    0.0000 C   0  0  0  0  0  0  0  0  0  0  0  0
   -3.1975   -0.4125    0.0000 C   0  0  0  0  0  0  0  0  0  0  0  0
    0.3507   -0.8251    0.0000 N   0  0  0  0  0  0  0  0  0  0  0  0
   -3.1975    0.4125    0.0000 C   0  0  0  0  0  0  0  0  0  0  0  0
    1.0520   -0.4125    0.0000 C   0  0  0  0  0  0  0  0  0  0  0  0
    1.7947   -0.8251    0.0000 N   0  0  0  0  0  0  0  0  0  0  0  0
    1.0520    0.4125    0.0000 N   0  0  0  0  0  0  0  0  0  0  0  0
    2.4960   -0.4125    0.0000 C   0  0  0  0  0  0  0  0  0  0  0  0
    3.1975   -0.8251    0.0000 N   0  0  0  0  0  0  0  0  0  0  0  0
    2.4960    0.4125    0.0000 N   0  0  0  0  0  0  0  0  0  0  0  0
  1  2  1  0  0  0  0
  1  3  2  0  0  0  0
  1  4  1  0  0  0  0
  2  5  1  0  0  0  0
  3  6  1  0  0  0  0
  4  7  2  0  0  0  0
  5  8  1  0  0  0  0
  6  9  2  0  0  0  0
  7  9  1  0  0  0  0
  8 10  1  0  0  0  0
 10 11  1  0  0  0  0
 10 12  2  0  0  0  0
 11 13  1  0  0  0  0
 13 14  1  0  0  0  0
 13 15  2  0  0  0  0
M  END
