
  Mrv1909 11201903212D          

 18 18  0  0  0  0            999 V2000
    0.3652    0.7048    0.0000 C   0  0  0  0  0  0  0  0  0  0  0  0
    0.3652   -0.1285    0.0000 N   0  0  0  0  0  0  0  0  0  0  0  0
   -0.3528    1.1111    0.0000 N   0  0  0  0  0  0  0  0  0  0  0  0
    1.0655    1.1262    0.0000 N   0  0  0  0  0  0  0  0  0  0  0  0
    1.0744   -0.5607    0.0000 C   0  0  0  0  0  0  0  0  0  0  0  0
   -1.0647    0.6842    0.0000 C   0  0  0  0  0  0  0  0  0  0  0  0
    1.7981    0.7273    0.0000 C   0  0  0  0  0  0  0  0  0  0  0  0
    1.0744   -1.3879    0.0000 C   0  0  0  0  0  0  0  0  0  0  0  0
    1.8159   -0.1229    0.0000 C   0  0  0  0  0  0  0  0  0  0  0  0
   -1.8034    1.0817    0.0000 C   0  0  0  0  0  0  0  0  0  0  0  0
   -1.0647   -0.1105    0.0000 C   0  0  0  0  0  0  0  0  0  0  0  0
    2.5314    0.3772    0.0000 N   0  0  0  0  0  0  0  0  0  0  0  0
    1.8159   -1.7943    0.0000 C   0  0  0  0  0  0  0  0  0  0  0  0
    2.5314   -0.5278    0.0000 C   0  0  0  0  0  0  0  0  0  0  0  0
   -2.1811    0.3628    0.0000 C   0  0  0  0  0  0  0  0  0  0  0  0
   -1.4033    1.7943    0.0000 C   0  0  0  0  0  0  0  0  0  0  0  0
   -2.5314    1.4551    0.0000 C   0  0  0  0  0  0  0  0  0  0  0  0
    2.5314   -1.3666    0.0000 N   0  0  0  0  0  0  0  0  0  0  0  0
  1  2  2  0  0  0  0
  1  3  1  0  0  0  0
  1  4  1  0  0  0  0
  2  5  1  0  0  0  0
  3  6  1  0  0  0  0
  4  7  1  0  0  0  0
  5  8  2  0  0  0  0
  5  9  1  0  0  0  0
  6 10  1  0  0  0  0
  6 11  1  0  0  0  0
  7 12  3  0  0  0  0
  8 13  1  0  0  0  0
  9 14  2  0  0  0  0
 10 15  1  0  0  0  0
 10 16  1  0  0  0  0
 10 17  1  0  0  0  0
 13 18  2  0  0  0  0
 14 18  1  0  0  0  0
M  END
