
  Ketcher 02182011552D 1   1.00000     0.00000     0

 25 27  0     0  0            999 V2000
    1.3001   -3.8930    0.0000 C   0  0  0  0  0  0  0  0  0  0  0  0
    0.4341   -4.3917    0.0000 C   0  0  0  0  0  0  0  0  0  0  0  0
    2.1661   -3.3918    0.0000 O   0  0  0  0  0  0  0  0  0  0  0  0
    2.1661   -4.3917    0.0000 C   0  0  0  0  0  0  0  0  0  0  0  0
    1.3001   -2.8931    0.0000 C   0  0  0  0  0  0  0  0  0  0  0  0
   -0.4317   -3.8930    0.0000 C   0  0  0  0  0  0  0  0  0  0  0  0
    2.1661   -5.3917    0.0000 C   0  0  0  0  0  0  0  0  0  0  0  0
    3.0320   -3.8930    0.0000 C   0  0  0  0  0  0  0  0  0  0  0  0
    2.1661   -2.3919    0.0000 C   0  0  0  0  0  0  0  0  0  0  0  0
    0.4341   -2.3919    0.0000 N   0  0  0  0  0  0  0  0  0  0  0  0
   -1.2977   -4.3917    0.0000 C   0  0  0  0  0  0  0  0  0  0  0  0
    3.0320   -5.8929    0.0000 C   0  0  0  0  0  0  0  0  0  0  0  0
    3.8979   -4.3917    0.0000 C   0  0  0  0  0  0  0  0  0  0  0  0
    2.1661   -1.3920    0.0000 C   0  0  0  0  0  0  0  0  0  0  0  0
    0.4341   -1.3920    0.0000 C   0  0  0  0  0  0  0  0  0  0  0  0
   -2.1661   -3.8930    0.0000 N   0  0  0  0  0  0  0  0  0  0  0  0
    3.8979   -5.3917    0.0000 C   0  0  0  0  0  0  0  0  0  0  0  0
    1.3001   -0.8933    0.0000 C   0  0  0  0  0  0  0  0  0  0  0  0
   -3.0295   -4.3917    0.0000 C   0  0  0  0  0  0  0  0  0  0  0  0
   -2.1661   -2.8931    0.0000 C   0  0  0  0  0  0  0  0  0  0  0  0
   -3.0295   -5.3917    0.0000 C   0  0  0  0  0  0  0  0  0  0  0  0
   -3.8979   -3.8930    0.0000 C   0  0  0  0  0  0  0  0  0  0  0  0
   -1.2977   -2.3919    0.0000 C   0  0  0  0  0  0  0  0  0  0  0  0
   -3.0295   -2.3919    0.0000 C   0  0  0  0  0  0  0  0  0  0  0  0
   -3.8979   -2.8931    0.0000 C   0  0  0  0  0  0  0  0  0  0  0  0
  1  2  1  0     0  0
  1  3  1  0     0  0
  1  4  1  0     0  0
  1  5  1  0     0  0
  2  6  1  0     0  0
  4  7  2  0     0  0
  4  8  1  0     0  0
  5  9  2  0     0  0
  5 10  1  0     0  0
  6 11  1  0     0  0
  7 12  1  0     0  0
  8 13  2  0     0  0
  9 14  1  0     0  0
 10 15  2  0     0  0
 11 16  1  0     0  0
 12 17  2  0     0  0
 13 17  1  0     0  0
 14 18  2  0     0  0
 15 18  1  0     0  0
 19 16  1  0     0  0
 20 16  1  0     0  0
 19 21  1  6     0  0
 19 22  1  0     0  0
 20 23  1  6     0  0
 20 24  1  0     0  0
 22 25  1  0     0  0
 24 25  1  0     0  0
M  END
