844891-31-2.mol
  ChemDraw08051010242D

 16 17  0  0  0  0  0  0  0  0999 V2000
    0.7662   -0.0449    0.0000 C   0  0  0  0  0  0  0  0  0  0  0  0
    1.5573   -0.3717    0.0000 C   0  0  0  0  0  0  0  0  0  0  0  0
    0.0628   -0.4494    0.0000 C   0  0  0  0  0  0  0  0  0  0  0  0
    0.8538    0.7582    0.0000 N   0  0  0  0  0  0  0  0  0  0  0  0
    2.0973    0.2520    0.0000 N   0  0  0  0  0  0  0  0  0  0  0  0
    1.7605   -1.1826    0.0000 C   0  0  0  0  0  0  0  0  0  0  0  0
   -0.6526   -0.0209    0.0000 C   0  0  0  0  0  0  0  0  0  0  0  0
    0.0628   -1.2704    0.0000 O   0  0  0  0  0  0  0  0  0  0  0  0
    1.6410    0.9694    0.0000 C   0  0  0  0  0  0  0  0  0  0  0  0
    1.1807   -1.7525    0.0000 C   0  0  0  0  0  0  0  0  0  0  0  0
   -0.6526    0.7901    0.0000 C   0  0  0  0  0  0  0  0  0  0  0  0
   -1.3560   -0.4314    0.0000 C   0  0  0  0  0  0  0  0  0  0  0  0
    1.9259    1.7525    0.0000 O   0  0  0  0  0  0  0  0  0  0  0  0
   -1.3659    1.2185    0.0000 C   0  0  0  0  0  0  0  0  0  0  0  0
   -2.0973   -0.0130    0.0000 C   0  0  0  0  0  0  0  0  0  0  0  0
   -2.0973    0.8040    0.0000 N   0  0  0  0  0  0  0  0  0  0  0  0
  1  2  2  0      
  1  3  1  0      
  1  4  1  0      
  2  5  1  0      
  2  6  1  0      
  3  7  1  0      
  3  8  2  0      
  4  9  1  0      
  5  9  1  0      
  6 10  1  0      
  7 11  2  0      
  7 12  1  0      
  9 13  2  0      
 11 14  1  0      
 12 15  2  0      
 14 16  2  0      
 15 16  1  0      
M  END
