
  Mrv1718009011810482D          

 33 36  0  0  0  0            999 V2000
    0.3208    0.1182    0.0000 C   0  0  2  0  0  0  0  0  0  0  0  0
   -1.8211   -1.0975    0.0000 C   0  0  2  0  0  0  0  0  0  0  0  0
    1.1119    0.3642    0.0000 C   0  0  1  0  0  0  0  0  0  0  0  0
   -0.4027   -1.1023    0.0000 C   0  0  1  0  0  0  0  0  0  0  0  0
    0.3159   -0.6971    0.0000 C   0  0  2  0  0  0  0  0  0  0  0  0
   -1.1119   -0.6922    0.0000 C   0  0  2  0  0  0  0  0  0  0  0  0
   -1.8211   -1.9273    0.0000 C   0  0  0  0  0  0  0  0  0  0  0  0
    3.2443    1.6234    0.0000 P   0  0  0  0  0  0  0  0  0  0  0  0
   -0.3883    0.5475    0.0000 C   0  0  0  0  0  0  0  0  0  0  0  0
   -1.1023    0.1327    0.0000 C   0  0  2  0  0  0  0  0  0  0  0  0
   -2.5351   -0.6922    0.0000 C   0  0  0  0  0  0  0  0  0  0  0  0
    1.1023    1.1891    0.0000 C   0  0  0  0  0  0  0  0  0  0  0  0
   -2.5351   -2.3325    0.0000 C   0  0  0  0  0  0  0  0  0  0  0  0
    1.5895   -0.3015    0.0000 C   0  0  0  0  0  0  0  0  0  0  0  0
    1.0975   -0.9672    0.0000 C   0  0  0  0  0  0  0  0  0  0  0  0
   -0.4027   -1.9273    0.0000 C   0  0  0  0  0  0  0  0  0  0  0  0
   -3.2539   -1.0975    0.0000 C   0  0  0  0  0  0  0  0  0  0  0  0
   -3.2539   -1.9273    0.0000 C   0  0  0  0  0  0  0  0  0  0  0  0
    1.8115    1.6185    0.0000 C   0  0  0  0  0  0  0  0  0  0  0  0
    2.5351    1.2036    0.0000 O   0  0  0  0  0  0  0  0  0  0  0  0
    3.9630    1.2132    0.0000 O   0  0  0  0  0  0  0  0  0  0  0  0
    3.6495    2.3421    0.0000 O   0  0  0  0  0  0  0  0  0  0  0  0
   -1.1119   -2.3421    0.0000 C   0  0  0  0  0  0  0  0  0  0  0  0
    2.8246    2.3421    0.0000 O   0  0  0  0  0  0  0  0  0  0  0  0
    0.3883    1.6040    0.0000 O   0  0  0  0  0  0  0  0  0  0  0  0
   -3.9630   -2.3325    0.0000 O   0  0  0  0  0  0  0  0  0  0  0  0
    1.8259    0.7839    0.0000 O   0  0  0  0  0  0  0  0  0  0  0  0
    0.3159    0.9431    0.0000 C   0  0  0  0  0  0  0  0  0  0  0  0
   -1.8211    0.5523    0.0000 O   0  0  0  0  0  0  0  0  0  0  0  0
   -1.8259   -0.2774    0.0000 C   0  0  0  0  0  0  0  0  0  0  0  0
    0.3063   -1.5220    0.0000 H   0  0  0  0  0  0  0  0  0  0  0  0
   -0.4027   -0.2774    0.0000 H   0  0  0  0  0  0  0  0  0  0  0  0
   -1.1119   -1.5171    0.0000 H   0  0  0  0  0  0  0  0  0  0  0  0
  2  6  1  0  0  0  0
  3  1  1  0  0  0  0
  4  5  1  0  0  0  0
  5  1  1  0  0  0  0
  6 10  1  0  0  0  0
  7  2  1  0  0  0  0
  8 20  1  0  0  0  0
  9  1  1  0  0  0  0
 10  9  1  0  0  0  0
 11  2  1  0  0  0  0
 12  3  1  0  0  0  0
 13  7  2  0  0  0  0
 14  3  1  0  0  0  0
 15  5  1  0  0  0  0
 16  4  1  0  0  0  0
 17 11  2  0  0  0  0
 18 17  1  0  0  0  0
 19 12  1  0  0  0  0
 20 19  1  0  0  0  0
 21  8  1  0  0  0  0
 22  8  1  0  0  0  0
 23 16  1  0  0  0  0
 24  8  2  0  0  0  0
 25 12  2  0  0  0  0
 26 18  2  0  0  0  0
  3 27  1  6  0  0  0
  1 28  1  1  0  0  0
 10 29  1  1  0  0  0
  2 30  1  1  0  0  0
  5 31  1  6  0  0  0
  4 32  1  1  0  0  0
  6 33  1  6  0  0  0
 14 15  1  0  0  0  0
  6  4  1  0  0  0  0
 23  7  1  0  0  0  0
 18 13  1  0  0  0  0
M  END
