
  Mrv1718001211912522D          

 11 10  0  0  0  0            999 V2000
    0.3788    1.2058    0.0000 C   0  0  0  0  0  0  0  0  0  0  0  0
    1.1081    0.7630    0.0000 C   0  0  0  0  0  0  0  0  0  0  0  0
    1.7913    1.2058    0.0000 O   0  0  0  0  0  0  0  0  0  0  0  0
    1.1081   -0.0505    0.0000 O   0  0  0  0  0  0  0  0  0  0  0  0
   -0.3445    0.8090    0.0000 C   0  0  1  0  0  0  0  0  0  0  0  0
   -1.0498    1.2372    0.0000 C   0  0  0  0  0  0  0  0  0  0  0  0
   -1.7731    0.8405    0.0000 N   0  0  0  0  0  0  0  0  0  0  0  0
   -0.3627   -0.0157    0.0000 C   0  0  0  0  0  0  0  0  0  0  0  0
   -1.0861   -0.4123    0.0000 C   0  0  0  0  0  0  0  0  0  0  0  0
   -1.7913    0.0156    0.0000 C   0  0  0  0  0  0  0  0  0  0  0  0
   -1.1042   -1.2372    0.0000 C   0  0  0  0  0  0  0  0  0  0  0  0
  1  2  1  0  0  0  0
  2  3  1  0  0  0  0
  2  4  2  0  0  0  0
  1  5  1  0  0  0  0
  5  6  1  6  0  0  0
  6  7  1  0  0  0  0
  5  8  1  0  0  0  0
  8  9  1  0  0  0  0
  9 10  1  0  0  0  0
  9 11  1  0  0  0  0
M  END
