
  Mrv1909 11181917542D          

 23 24  0  0  0  0            999 V2000
    0.6746   -0.3999    0.0000 C   0  0  0  0  0  0  0  0  0  0  0  0
    0.6711    0.3824    0.0000 C   0  0  0  0  0  0  0  0  0  0  0  0
    1.4082   -0.8033    0.0000 C   0  0  0  0  0  0  0  0  0  0  0  0
    0.0173   -0.8276    0.0000 N   0  0  0  0  0  0  0  0  0  0  0  0
    1.3805    0.7962    0.0000 C   0  0  0  0  0  0  0  0  0  0  0  0
   -0.0173    0.7753    0.0000 C   0  0  0  0  0  0  0  0  0  0  0  0
    1.3944   -1.5926    0.0000 C   0  0  0  0  0  0  0  0  0  0  0  0
    2.1003   -0.3963    0.0000 C   0  0  0  0  0  0  0  0  0  0  0  0
   -0.7024   -0.4347    0.0000 C   0  0  0  0  0  0  0  0  0  0  0  0
    1.3805    1.6343    0.0000 C   0  0  0  0  0  0  0  0  0  0  0  0
    2.1141    0.3824    0.0000 O   0  0  0  0  0  0  0  0  0  0  0  0
   -0.0312    1.6029    0.0000 C   0  0  0  0  0  0  0  0  0  0  0  0
    2.1211   -2.0377    0.0000 C   0  0  0  0  0  0  0  0  0  0  0  0
    2.8409   -0.7997    0.0000 C   0  0  0  0  0  0  0  0  0  0  0  0
   -1.4153   -0.8554    0.0000 C   0  0  0  0  0  0  0  0  0  0  0  0
    0.6607    2.0377    0.0000 C   0  0  0  0  0  0  0  0  0  0  0  0
   -0.7371    2.0063    0.0000 F   0  0  0  0  0  0  0  0  0  0  0  0
    2.8444   -1.6101    0.0000 C   0  0  0  0  0  0  0  0  0  0  0  0
   -2.1350   -0.4520    0.0000 C   0  0  0  0  0  0  0  0  0  0  0  0
    3.5643   -2.0273    0.0000 Cl  0  0  0  0  0  0  0  0  0  0  0  0
   -2.8062   -0.8797    0.0000 C   0  0  0  0  0  0  0  0  0  0  0  0
   -2.8062   -1.6552    0.0000 N   0  0  0  0  0  0  0  0  0  0  0  0
   -3.5643   -0.4520    0.0000 O   0  0  0  0  0  0  0  0  0  0  0  0
  1  2  1  0  0  0  0
  1  3  1  0  0  0  0
  1  4  2  0  0  0  0
  2  5  2  0  0  0  0
  2  6  1  0  0  0  0
  3  7  2  0  0  0  0
  3  8  1  0  0  0  0
  4  9  1  0  0  0  0
  5 10  1  0  0  0  0
  5 11  1  0  0  0  0
  6 12  2  0  0  0  0
  7 13  1  0  0  0  0
  8 14  2  0  0  0  0
  9 15  1  0  0  0  0
 10 16  2  0  0  0  0
 12 17  1  0  0  0  0
 13 18  2  0  0  0  0
 15 19  1  0  0  0  0
 18 20  1  0  0  0  0
 19 21  1  0  0  0  0
 21 22  1  0  0  0  0
 21 23  2  0  0  0  0
 12 16  1  0  0  0  0
 14 18  1  0  0  0  0
M  END
