
  Mrv1902 03031922382D          

 17 17  0  0  0  0            999 V2000
   -2.1435    0.8251    0.0000 C   0  0  0  0  0  0  0  0  0  0  0  0
   -2.8580    0.4125    0.0000 C   0  0  0  0  0  0  0  0  0  0  0  0
   -2.8580   -0.4124    0.0000 C   0  0  0  0  0  0  0  0  0  0  0  0
   -2.1435   -0.8251    0.0000 C   0  0  0  0  0  0  0  0  0  0  0  0
   -1.4290   -0.4124    0.0000 C   0  0  0  0  0  0  0  0  0  0  0  0
   -1.4290    0.4125    0.0000 C   0  0  0  0  0  0  0  0  0  0  0  0
   -3.5726   -0.8250    0.0000 Cl  0  0  0  0  0  0  0  0  0  0  0  0
   -0.7145    0.8251    0.0000 N   0  0  0  0  0  0  0  0  0  0  0  0
    0.0000    0.4125    0.0000 C   0  0  0  0  0  0  0  0  0  0  0  0
    0.0000   -0.4124    0.0000 N   0  0  0  0  0  0  0  0  0  0  0  0
    0.7145    0.8251    0.0000 N   0  0  0  0  0  0  0  0  0  0  0  0
    1.4290    0.4125    0.0000 C   0  0  0  0  0  0  0  0  0  0  0  0
    1.4290   -0.4124    0.0000 N   0  0  0  0  0  0  0  0  0  0  0  0
    2.1436    0.8251    0.0000 N   0  0  0  0  0  0  0  0  0  0  0  0
    2.8580    0.4125    0.0000 C   0  0  0  0  0  0  0  0  0  0  0  0
    3.5726    0.8251    0.0000 C   0  0  0  0  0  0  0  0  0  0  0  0
    2.8580   -0.4124    0.0000 C   0  0  0  0  0  0  0  0  0  0  0  0
  1  2  1  0  0  0  0
  1  6  2  0  0  0  0
  2  3  2  0  0  0  0
  3  4  1  0  0  0  0
  4  5  2  0  0  0  0
  5  6  1  0  0  0  0
  3  7  1  0  0  0  0
  6  8  1  0  0  0  0
  8  9  1  0  0  0  0
  9 10  2  0  0  0  0
  9 11  1  0  0  0  0
 11 12  1  0  0  0  0
 12 13  2  0  0  0  0
 12 14  1  0  0  0  0
 14 15  1  0  0  0  0
 15 16  1  0  0  0  0
 15 17  1  0  0  0  0
M  END
