
  Mrv1909 01132020552D          

 12 12  0  0  0  0            999 V2000
    1.7861    1.4437    0.0000 S   0  0  0  0  0  0  0  0  0  0  0  0
    1.0716   -1.4437    0.0000 N   0  0  0  0  0  0  0  0  0  0  0  0
    0.3572    1.4437    0.0000 N   0  0  0  0  0  0  0  0  0  0  0  0
    1.0716    0.2062    0.0000 C   0  0  0  0  0  0  0  0  0  0  0  0
    0.3572   -1.0312    0.0000 C   0  0  0  0  0  0  0  0  0  0  0  0
    0.3572   -0.2062    0.0000 C   0  0  0  0  0  0  0  0  0  0  0  0
    1.0716    1.0312    0.0000 C   0  0  0  0  0  0  0  0  0  0  0  0
    1.7861   -0.2062    0.0000 C   0  0  0  0  0  0  0  0  0  0  0  0
    1.7861   -1.0312    0.0000 C   0  0  0  0  0  0  0  0  0  0  0  0
   -0.3572   -1.4437    0.0000 C   0  0  0  0  0  0  0  0  0  0  0  0
   -1.0717   -1.0312    0.0000 C   0  0  0  0  0  0  0  0  0  0  0  0
   -1.7861   -1.4437    0.0000 C   0  0  0  0  0  0  0  0  0  0  0  0
  1  7  2  0  0  0  0
  2  5  1  0  0  0  0
  2  9  2  0  0  0  0
  3  7  1  0  0  0  0
  4  6  1  0  0  0  0
  4  7  1  0  0  0  0
  4  8  2  0  0  0  0
  5  6  2  0  0  0  0
  5 10  1  0  0  0  0
  8  9  1  0  0  0  0
 10 11  1  0  0  0  0
 11 12  1  0  0  0  0
M  END
