
  Mrv1718007041817002D          

 30 32  0  0  0  0            999 V2000
    1.6369    0.7057    0.0000 N   0  0  0  0  0  0  0  0  0  0  0  0
    1.2235    1.4281    0.0000 C   0  0  0  0  0  0  0  0  0  0  0  0
    2.4763    0.6891    0.0000 C   0  0  1  0  0  0  0  0  0  0  0  0
    1.2192   -0.0083    0.0000 C   0  0  0  0  0  0  0  0  0  0  0  0
    2.8771   -0.0208    0.0000 C   0  0  0  0  0  0  0  0  0  0  0  0
   -0.0084    0.7266    0.0000 N   0  0  0  0  0  0  0  0  0  0  0  0
    2.9105    1.3906    0.0000 C   0  0  0  0  0  0  0  0  0  0  0  0
    0.4092    1.4407    0.0000 C   0  0  1  0  0  0  0  0  0  0  0  0
   -1.2361    1.4532    0.0000 C   0  0  0  0  0  0  0  0  0  0  0  0
    1.6244   -0.7265    0.0000 C   0  0  0  0  0  0  0  0  0  0  0  0
    2.4512   -0.7390    0.0000 C   0  0  0  0  0  0  0  0  0  0  0  0
   -0.8309    0.7391    0.0000 C   0  0  2  0  0  0  0  0  0  0  0  0
    1.6494    2.1422    0.0000 O   0  0  0  0  0  0  0  0  0  0  0  0
    2.5222    2.1171    0.0000 O   0  0  0  0  0  0  0  0  0  0  0  0
   -2.0587    1.4657    0.0000 O   0  0  0  0  0  0  0  0  0  0  0  0
   -1.2486    0.0250    0.0000 C   0  0  0  0  0  0  0  0  0  0  0  0
    3.7290    1.3655    0.0000 O   0  0  0  0  0  0  0  0  0  0  0  0
   -0.8184    2.1673    0.0000 O   0  0  0  0  0  0  0  0  0  0  0  0
   -2.0711    0.0375    0.0000 C   0  0  0  0  0  0  0  0  0  0  0  0
   -2.4846   -0.6890    0.0000 C   0  0  0  0  0  0  0  0  0  0  0  0
    0.0041    2.1548    0.0000 C   0  0  0  0  0  0  0  0  0  0  0  0
    2.8605   -1.4615    0.0000 C   0  0  0  0  0  0  0  0  0  0  0  0
    1.1985   -1.4491    0.0000 C   0  0  0  0  0  0  0  0  0  0  0  0
   -3.3031   -0.6765    0.0000 C   0  0  0  0  0  0  0  0  0  0  0  0
   -2.0837   -1.4032    0.0000 C   0  0  0  0  0  0  0  0  0  0  0  0
    1.6078   -2.1547    0.0000 C   0  0  0  0  0  0  0  0  0  0  0  0
    2.4387   -2.1673    0.0000 C   0  0  0  0  0  0  0  0  0  0  0  0
   -2.4971   -2.1171    0.0000 C   0  0  0  0  0  0  0  0  0  0  0  0
   -3.7290   -1.3905    0.0000 C   0  0  0  0  0  0  0  0  0  0  0  0
   -3.3282   -2.1046    0.0000 C   0  0  0  0  0  0  0  0  0  0  0  0
  2  1  1  0  0  0  0
  3  1  1  0  0  0  0
  4  1  1  0  0  0  0
  5  3  1  0  0  0  0
  6  8  1  0  0  0  0
  3  7  1  6  0  0  0
  8  2  1  0  0  0  0
  9 12  1  0  0  0  0
 10  4  1  0  0  0  0
 11 10  2  0  0  0  0
 12  6  1  1  0  0  0
 13  2  2  0  0  0  0
 14  7  2  0  0  0  0
 15  9  2  0  0  0  0
 16 12  1  0  0  0  0
 17  7  1  0  0  0  0
 18  9  1  0  0  0  0
 19 16  1  0  0  0  0
 20 19  1  0  0  0  0
  8 21  1  1  0  0  0
 22 11  1  0  0  0  0
 23 10  1  0  0  0  0
 24 20  2  0  0  0  0
 25 20  1  0  0  0  0
 26 23  2  0  0  0  0
 27 22  2  0  0  0  0
 28 25  2  0  0  0  0
 29 24  1  0  0  0  0
 30 28  1  0  0  0  0
  5 11  1  0  0  0  0
 27 26  1  0  0  0  0
 29 30  2  0  0  0  0
M  END
