 
  Mrv1572009161514252D          

 29 31  0  0  1  0            999 V2000
   23.3843  -18.8859    0.0000 C   0  0  0  0  0  0  0  0  0  0  0  0
   23.3843  -19.7109    0.0000 C   0  0  0  0  0  0  0  0  0  0  0  0
   24.0988  -20.1234    0.0000 C   0  0  0  0  0  0  0  0  0  0  0  0
   24.8133  -19.7109    0.0000 C   0  0  0  0  0  0  0  0  0  0  0  0
   24.8133  -18.8859    0.0000 C   0  0  0  0  0  0  0  0  0  0  0  0
   24.0988  -18.4733    0.0000 C   0  0  0  0  0  0  0  0  0  0  0  0
   25.5278  -20.1234    0.0000 C   0  0  0  0  0  0  0  0  0  0  0  0
   26.2423  -19.7109    0.0000 C   0  0  2  0  0  0  0  0  0  0  0  0
   26.2423  -18.8859    0.0000 C   0  0  1  0  0  0  0  0  0  0  0  0
   25.5278  -18.4733    0.0000 C   0  0  0  0  0  0  0  0  0  0  0  0
   26.9568  -20.1234    0.0000 N   0  0  0  0  0  0  0  0  0  0  0  0
   27.6712  -19.7109    0.0000 C   0  0  0  0  0  0  0  0  0  0  0  0
   27.6712  -18.8859    0.0000 C   0  0  2  0  0  0  0  0  0  0  0  0
   26.9568  -18.4733    0.0000 C   0  0  0  0  0  0  0  0  0  0  0  0
   24.0988  -17.6485    0.0000 O   0  0  0  0  0  0  0  0  0  0  0  0
   26.9568  -20.9482    0.0000 C   0  0  0  0  0  0  0  0  0  0  0  0
   27.6835  -21.3680    0.0000 C   0  0  0  0  0  0  0  0  0  0  0  0
   28.3943  -20.9578    0.0000 C   0  0  0  0  0  0  0  0  0  0  0  0
   26.2423  -20.5359    0.0000 H   0  0  0  0  0  0  0  0  0  0  0  0
   26.2423  -18.0609    0.0000 H   0  0  0  0  0  0  0  0  0  0  0  0
   28.3881  -18.4720    0.0000 N   0  0  0  0  0  0  0  0  0  0  0  0
   28.3872  -17.6533    0.0000 S   0  0  0  0  0  0  0  0  0  0  0  0
   29.2006  -17.6470    0.0000 N   0  0  0  0  0  0  0  0  0  0  0  0
   29.6193  -18.3593    0.0000 C   0  0  0  0  0  0  0  0  0  0  0  0
   29.6070  -16.9303    0.0000 C   0  0  0  0  0  0  0  0  0  0  0  0
   30.4378  -16.9238    0.0000 C   0  0  0  0  0  0  0  0  0  0  0  0
   30.4382  -18.3529    0.0000 C   0  0  0  0  0  0  0  0  0  0  0  0
   28.3799  -16.7739    0.0000 O   0  0  0  0  0  0  0  0  0  0  0  0
   27.5587  -17.6392    0.0000 O   0  0  0  0  0  0  0  0  0  0  0  0
  1  2  2  0  0  0  0
  2  3  1  0  0  0  0
  3  4  2  0  0  0  0
  4  5  1  0  0  0  0
  5  6  2  0  0  0  0
  1  6  1  0  0  0  0
  4  7  1  0  0  0  0
  7  8  1  0  0  0  0
  8  9  1  0  0  0  0
  9 10  1  0  0  0  0
  5 10  1  0  0  0  0
  8 11  1  0  0  0  0
 11 12  1  0  0  0  0
 12 13  1  0  0  0  0
 13 14  1  0  0  0  0
  9 14  1  0  0  0  0
  6 15  1  0  0  0  0
 11 16  1  0  0  0  0
 16 17  1  0  0  0  0
 17 18  1  0  0  0  0
  8 19  1  1  0  0  0
  9 20  1  6  0  0  0
 21 22  1  0  0  0  0
 22 23  1  0  0  0  0
 23 24  1  0  0  0  0
 23 25  1  0  0  0  0
 25 26  1  0  0  0  0
 24 27  1  0  0  0  0
 22 28  2  0  0  0  0
 22 29  2  0  0  0  0
 13 21  1  6  0  0  0
M  END
