84066-20-6.mol
  ChemDraw08051010222D

 23 24  0  0  0  0  0  0  0  0999 V2000
    1.8388    0.1806    0.0000 C   0  0  0  0  0  0  0  0  0  0  0  0
    1.5731   -0.6048    0.0000 O   0  0  0  0  0  0  0  0  0  0  0  0
    2.6427    0.1993    0.0000 C   0  0  0  0  0  0  0  0  0  0  0  0
    1.6383    0.9217    0.0000 C   0  0  0  0  0  0  0  0  0  0  0  0
    2.2372   -1.0942    0.0000 C   0  0  0  0  0  0  0  0  0  0  0  0
    2.9154   -0.5884    0.0000 C   0  0  0  0  0  0  0  0  0  0  0  0
    1.9809    1.6652    0.0000 N   0  0  0  0  0  0  0  0  0  0  0  0
    2.2372   -1.9192    0.0000 C   0  0  0  0  0  0  0  0  0  0  0  0
    1.4938    2.3526    0.0000 C   0  0  0  0  0  0  0  0  0  0  0  0
    2.7966    1.7374    0.0000 C   0  0  0  0  0  0  0  0  0  0  0  0
    1.5475   -2.3526    0.0000 S   0  0  0  0  0  0  0  0  0  0  0  0
    0.7318   -2.0101    0.0000 C   0  0  0  0  0  0  0  0  0  0  0  0
    0.7318   -1.1757    0.0000 C   0  0  0  0  0  0  0  0  0  0  0  0
   -0.0070   -0.8401    0.0000 N   0  0  0  0  0  0  0  0  0  0  0  0
   -0.6689   -1.2853    0.0000 C   0  0  0  0  0  0  0  0  0  0  0  0
   -1.4472   -0.9240    0.0000 C   0  0  0  0  0  0  0  0  0  0  0  0
   -0.6596   -2.1359    0.0000 O   0  0  0  0  0  0  0  0  0  0  0  0
   -1.4472   -0.1899    0.0000 C   0  0  0  0  0  0  0  0  0  0  0  0
   -2.1440   -1.4111    0.0000 C   0  0  0  0  0  0  0  0  0  0  0  0
   -2.2629    0.1806    0.0000 N   0  3  0  0  0  0  0  0  0  0  0  0
   -2.9154   -1.0312    0.0000 C   0  0  0  0  0  0  0  0  0  0  0  0
   -2.9061   -0.2598    0.0000 C   0  0  0  0  0  0  0  0  0  0  0  0
   -2.2629    0.9963    0.0000 O   0  5  0  0  0  0  0  0  0  0  0  0
  1  2  1  0      
  1  3  2  0      
  1  4  1  0      
  2  5  1  0      
  3  6  1  0      
  4  7  1  0      
  5  8  1  0      
  5  6  2  0      
  7  9  1  0      
  7 10  1  0      
  8 11  1  0      
 11 12  1  0      
 12 13  1  0      
 13 14  1  0      
 14 15  1  0      
 15 16  1  0      
 15 17  2  0      
 16 18  2  0      
 16 19  1  0      
 18 20  1  0      
 19 21  2  0      
 20 22  2  0      
 20 23  1  0      
 21 22  1  0      
M  CHG  2  20   1  23  -1
M  END
