
  Mrv1909 06131922332D          

 21 21  0  0  0  0            999 V2000
    3.8084   -0.4047    0.0000 N   0  3  0  0  0  0  0  0  0  0  0  0
    3.1409    0.0070    0.0000 C   0  0  0  0  0  0  0  0  0  0  0  0
    3.1409    0.7597    0.0000 C   0  0  0  0  0  0  0  0  0  0  0  0
   -2.4120    0.7361    0.0000 C   0  0  0  0  0  0  0  0  0  0  0  0
   -1.7586    1.1716    0.0000 O   0  0  0  0  0  0  0  0  0  0  0  0
   -1.0722    0.7361    0.0000 C   0  0  0  0  0  0  0  0  0  0  0  0
   -2.1562   -0.0639    0.0000 C   0  0  0  0  0  0  0  0  0  0  0  0
   -1.3278   -0.0639    0.0000 C   0  0  0  0  0  0  0  0  0  0  0  0
    4.5042   -0.0306    0.0000 O   0  5  0  0  0  0  0  0  0  0  0  0
    3.8273   -1.1716    0.0000 O   0  0  0  0  0  0  0  0  0  0  0  0
   -3.1220    1.1716    0.0000 C   0  0  0  0  0  0  0  0  0  0  0  0
    3.8416    1.1716    0.0000 N   0  0  0  0  0  0  0  0  0  0  0  0
    2.4071    1.1716    0.0000 N   0  0  0  0  0  0  0  0  0  0  0  0
   -3.8179    0.7361    0.0000 N   0  0  0  0  0  0  0  0  0  0  0  0
    0.3289    0.7597    0.0000 S   0  0  0  0  0  0  0  0  0  0  0  0
   -0.3763    1.1716    0.0000 C   0  0  0  0  0  0  0  0  0  0  0  0
    1.7255    0.7597    0.0000 C   0  0  0  0  0  0  0  0  0  0  0  0
    1.0106    1.1716    0.0000 C   0  0  0  0  0  0  0  0  0  0  0  0
   -3.8179   -0.0639    0.0000 C   0  0  0  0  0  0  0  0  0  0  0  0
   -4.5232    1.1716    0.0000 C   0  0  0  0  0  0  0  0  0  0  0  0
    4.5232    0.7597    0.0000 C   0  0  0  0  0  0  0  0  0  0  0  0
  2  1  1  0  0  0  0
  3  2  2  3  0  0  0
  4  5  1  0  0  0  0
  5  6  1  0  0  0  0
  6 16  1  0  0  0  0
  7  8  1  0  0  0  0
  8  6  2  0  0  0  0
  9  1  1  0  0  0  0
 10  1  2  0  0  0  0
 11  4  1  0  0  0  0
 12  3  1  0  0  0  0
 13  3  1  0  0  0  0
 14 11  1  0  0  0  0
 15 18  1  0  0  0  0
 16 15  1  0  0  0  0
 17 13  1  0  0  0  0
 18 17  1  0  0  0  0
 19 14  1  0  0  0  0
 20 14  1  0  0  0  0
 21 12  1  0  0  0  0
  7  4  2  0  0  0  0
M  CHG  2   1   1   9  -1
M  END
