74738-20-8.mol
  ChemDraw08041020522D

 19 19  0  0  0  0  0  0  0  0999 V2000
   -1.2957    0.1390    0.0000 C   0  0  0  0  0  0  0  0  0  0  0  0
   -2.0158    0.5616    0.0000 C   0  0  0  0  0  0  0  0  0  0  0  0
   -1.2957   -0.6759    0.0000 C   0  0  0  0  0  0  0  0  0  0  0  0
   -0.5627    0.5551    0.0000 N   0  0  0  0  0  0  0  0  0  0  0  0
   -2.7165    0.1585    0.0000 C   0  0  0  0  0  0  0  0  0  0  0  0
   -2.0158    1.3787    0.0000 C   0  0  0  0  0  0  0  0  0  0  0  0
   -2.0158   -1.0919    0.0000 C   0  0  0  0  0  0  0  0  0  0  0  0
   -0.5821   -1.1114    0.0000 C   0  0  0  0  0  0  0  0  0  0  0  0
   -0.5627    1.3722    0.0000 C   0  0  0  0  0  0  0  0  0  0  0  0
   -2.7078   -0.6824    0.0000 C   0  0  0  0  0  0  0  0  0  0  0  0
    0.1444    1.7862    0.0000 N   0  0  0  0  0  0  0  0  0  0  0  0
   -1.2698    1.7991    0.0000 O   0  0  0  0  0  0  0  0  0  0  0  0
    0.8494    1.3658    0.0000 C   0  0  0  0  0  0  0  0  0  0  0  0
    0.8559    0.5681    0.0000 C   0  0  0  0  0  0  0  0  0  0  0  0
    1.5695    0.1390    0.0000 C   0  0  0  0  0  0  0  0  0  0  0  0
    1.5695   -0.6629    0.0000 N   0  0  0  0  0  0  0  0  0  0  0  0
    2.3026   -1.0855    0.0000 C   0  0  0  0  0  0  0  0  0  0  0  0
    2.7165   -0.3698    0.0000 C   0  0  0  0  0  0  0  0  0  0  0  0
    1.8886   -1.7991    0.0000 C   0  0  0  0  0  0  0  0  0  0  0  0
  1  2  2  0      
  1  3  1  0      
  1  4  1  0      
  2  5  1  0      
  2  6  1  0      
  3  7  2  0      
  3  8  1  0      
  4  9  1  0      
  5 10  2  0      
  7 10  1  0      
  9 11  1  0      
  9 12  2  0      
 11 13  1  0      
 13 14  1  0      
 14 15  1  0      
 15 16  1  0      
 16 17  1  0      
 17 18  1  0      
 17 19  1  0      
M  END
