
  Mrv1909 11171900302D          

 44 47  0  0  0  0            999 V2000
   -3.6461   -0.0509    0.0000 S   0  0  0  0  0  0  0  0  0  0  0  0
   -3.6461    0.7841    0.0000 O   0  0  0  0  0  0  0  0  0  0  0  0
   -3.6461   -0.8759    0.0000 O   0  0  0  0  0  0  0  0  0  0  0  0
    3.5646    0.6517    0.0000 O   0  0  0  0  0  0  0  0  0  0  0  0
    2.8110   -1.1712    0.0000 O   0  0  0  0  0  0  0  0  0  0  0  0
   -1.4869   -1.2934    0.0000 O   0  0  0  0  0  0  0  0  0  0  0  0
    0.6619    0.8249    0.0000 O   0  0  0  0  0  0  0  0  0  0  0  0
   -0.7842   -0.0509    0.0000 N   0  0  0  0  0  0  0  0  0  0  0  0
    1.3647   -0.4583    0.0000 N   0  0  0  0  0  0  0  0  0  0  0  0
    0.5702   -2.5870    0.0000 N   0  0  0  0  0  0  0  0  0  0  0  0
    1.8638   -2.1795    0.0000 N   0  0  0  0  0  0  0  0  0  0  0  0
   -4.3896   -0.4583    0.0000 C   0  0  0  0  0  0  0  0  0  0  0  0
   -2.2407   -0.0509    0.0000 C   0  0  2  0  0  0  0  0  0  0  0  0
   -2.9434   -0.4583    0.0000 C   0  0  0  0  0  0  0  0  0  0  0  0
    4.2673   -0.4583    0.0000 C   0  0  0  0  0  0  0  0  0  0  0  0
    3.5239   -0.0509    0.0000 C   0  0  1  0  0  0  0  0  0  0  0  0
    2.8110   -0.4583    0.0000 C   0  0  1  0  0  0  0  0  0  0  0  0
    2.1082   -0.0509    0.0000 C   0  0  2  0  0  0  0  0  0  0  0  0
   -1.4869   -0.4583    0.0000 C   0  0  0  0  0  0  0  0  0  0  0  0
   -0.0407   -0.4583    0.0000 C   0  0  2  0  0  0  0  0  0  0  0  0
    0.6619   -0.0509    0.0000 C   0  0  0  0  0  0  0  0  0  0  0  0
    5.0923   -0.4583    0.0000 C   0  0  0  0  0  0  0  0  0  0  0  0
    4.6748   -1.1712    0.0000 C   0  0  0  0  0  0  0  0  0  0  0  0
   -2.2407    0.8249    0.0000 C   0  0  0  0  0  0  0  0  0  0  0  0
    2.1082    1.1101    0.0000 C   0  0  0  0  0  0  0  0  0  0  0  0
   -0.0407   -1.2527    0.0000 C   0  0  0  0  0  0  0  0  0  0  0  0
   -1.4869    1.2323    0.0000 C   0  0  0  0  0  0  0  0  0  0  0  0
   -5.0923   -0.0509    0.0000 C   0  0  0  0  0  0  0  0  0  0  0  0
   -4.3896   -1.2934    0.0000 C   0  0  0  0  0  0  0  0  0  0  0  0
   -4.3896    0.3666    0.0000 C   0  0  0  0  0  0  0  0  0  0  0  0
    0.5804   -1.7517    0.0000 C   0  0  0  0  0  0  0  0  0  0  0  0
    2.6480    1.6091    0.0000 C   0  0  0  0  0  0  0  0  0  0  0  0
   -0.7842    0.8249    0.0000 C   0  0  0  0  0  0  0  0  0  0  0  0
   -1.4869    2.0675    0.0000 C   0  0  0  0  0  0  0  0  0  0  0  0
    1.3749   -1.4971    0.0000 C   0  0  0  0  0  0  0  0  0  0  0  0
    3.3507    1.1915    0.0000 C   0  0  0  0  0  0  0  0  0  0  0  0
    2.6480    2.4341    0.0000 C   0  0  0  0  0  0  0  0  0  0  0  0
    1.3647   -2.8517    0.0000 C   0  0  0  0  0  0  0  0  0  0  0  0
   -0.0407    1.2323    0.0000 C   0  0  0  0  0  0  0  0  0  0  0  0
   -0.7842    2.4748    0.0000 C   0  0  0  0  0  0  0  0  0  0  0  0
    4.0942    1.6091    0.0000 C   0  0  0  0  0  0  0  0  0  0  0  0
    3.3915    2.8517    0.0000 C   0  0  0  0  0  0  0  0  0  0  0  0
   -0.0407    2.0675    0.0000 C   0  0  0  0  0  0  0  0  0  0  0  0
    4.0942    2.4341    0.0000 C   0  0  0  0  0  0  0  0  0  0  0  0
  1  2  2  0  0  0  0
  1  3  2  0  0  0  0
  1 12  1  0  0  0  0
  1 14  1  0  0  0  0
 16  4  1  1  0  0  0
 17  5  1  6  0  0  0
  6 19  2  0  0  0  0
  7 21  2  0  0  0  0
  8 19  1  0  0  0  0
  8 20  1  0  0  0  0
  9 18  1  0  0  0  0
  9 21  1  0  0  0  0
 10 31  1  0  0  0  0
 10 38  1  0  0  0  0
 11 35  1  0  0  0  0
 11 38  2  0  0  0  0
 12 28  1  0  0  0  0
 12 29  1  0  0  0  0
 12 30  1  0  0  0  0
 13 14  1  0  0  0  0
 13 19  1  0  0  0  0
 13 24  1  1  0  0  0
 15 16  1  0  0  0  0
 15 22  1  0  0  0  0
 15 23  1  0  0  0  0
 16 17  1  0  0  0  0
 17 18  1  0  0  0  0
 18 25  1  1  0  0  0
 20 21  1  0  0  0  0
 20 26  1  6  0  0  0
 22 23  1  0  0  0  0
 24 27  1  0  0  0  0
 25 32  1  0  0  0  0
 26 31  1  0  0  0  0
 27 33  2  0  0  0  0
 27 34  1  0  0  0  0
 31 35  2  0  0  0  0
 32 36  1  0  0  0  0
 32 37  1  0  0  0  0
 33 39  1  0  0  0  0
 34 40  2  0  0  0  0
 36 41  1  0  0  0  0
 37 42  1  0  0  0  0
 39 43  2  0  0  0  0
 40 43  1  0  0  0  0
 41 44  1  0  0  0  0
 42 44  1  0  0  0  0
M  END
