
  Mrv1909 12021923342D          

 20 22  0  0  0  0            999 V2000
   -1.0187   -0.2312    0.0000 C   0  0  0  0  0  0  0  0  0  0  0  0
    2.4187    0.4687    0.0000 N   0  0  0  0  0  0  0  0  0  0  0  0
    2.0062    1.1812    0.0000 C   0  0  0  0  0  0  0  0  0  0  0  0
    0.4062   -0.2312    0.0000 C   0  0  0  0  0  0  0  0  0  0  0  0
   -0.3062    0.1812    0.0000 C   0  0  0  0  0  0  0  0  0  0  0  0
    1.1187    0.1854    0.0000 C   0  0  0  0  0  0  0  0  0  0  0  0
   -1.7437    0.1812    0.0000 O   0  0  0  0  0  0  0  0  0  0  0  0
    1.2020    1.0062    0.0000 C   0  0  0  0  0  0  0  0  0  0  0  0
   -1.0187   -1.0562    0.0000 C   0  0  0  0  0  0  0  0  0  0  0  0
    1.8687   -0.1437    0.0000 C   0  0  0  0  0  0  0  0  0  0  0  0
    2.3437    1.9438    0.0000 O   0  0  0  0  0  0  0  0  0  0  0  0
    0.4062   -1.0562    0.0000 C   0  0  0  0  0  0  0  0  0  0  0  0
   -0.3062   -1.4687    0.0000 C   0  0  0  0  0  0  0  0  0  0  0  0
   -1.7437    1.0062    0.0000 C   0  0  0  0  0  0  0  0  0  0  0  0
   -1.7312   -1.4687    0.0000 O   0  0  0  0  0  0  0  0  0  0  0  0
   -1.7312   -2.2937    0.0000 C   0  0  0  0  0  0  0  0  0  0  0  0
   -1.0812    1.5062    0.0000 C   0  0  0  0  0  0  0  0  0  0  0  0
   -2.4187    1.4937    0.0000 C   0  0  0  0  0  0  0  0  0  0  0  0
   -2.1687    2.2812    0.0000 C   0  0  0  0  0  0  0  0  0  0  0  0
   -1.3437    2.2937    0.0000 C   0  0  0  0  0  0  0  0  0  0  0  0
  2 10  1  0  0  0  0
  3  8  1  0  0  0  0
  4  5  2  0  0  0  0
  5  1  1  0  0  0  0
  6  4  1  0  0  0  0
  7  1  1  0  0  0  0
  6  8  1  0  0  0  0
  9  1  2  0  0  0  0
  6 10  1  0  0  0  0
 11  3  2  0  0  0  0
 12 13  2  0  0  0  0
 13  9  1  0  0  0  0
 14  7  1  0  0  0  0
 15  9  1  0  0  0  0
 16 15  1  0  0  0  0
 17 14  1  0  0  0  0
 18 14  1  0  0  0  0
 19 18  1  0  0  0  0
 20 17  1  0  0  0  0
 12  4  1  0  0  0  0
 20 19  1  0  0  0  0
  2  3  1  0  0  0  0
M  END
