
  Mrv1909 02212019032D          

 59 62  0  0  0  0            999 V2000
   -3.9744   -0.5866    0.0000 C   0  0  0  0  0  0  0  0  0  0  0  0
   -3.9744   -1.4135    0.0000 C   0  0  2  0  0  0  0  0  0  0  0  0
   -3.2601   -1.8292    0.0000 O   0  0  0  0  0  0  0  0  0  0  0  0
   -2.5534   -1.4135    0.0000 C   0  0  0  0  0  0  0  0  0  0  0  0
   -1.8424   -1.8341    0.0000 C   0  0  0  0  0  0  0  0  0  0  0  0
   -1.1234   -1.4196    0.0000 C   0  0  2  0  0  0  0  0  0  0  0  0
   -3.2601   -0.1753    0.0000 C   0  0  0  0  0  0  0  0  0  0  0  0
   -3.2557    0.6492    0.0000 C   0  0  0  0  0  0  0  0  0  0  0  0
   -1.1237   -0.5952    0.0000 C   0  0  1  0  0  0  0  0  0  0  0  0
   -0.4212   -0.1931    0.0000 C   0  0  2  0  0  0  0  0  0  0  0  0
   -0.4195    0.6264    0.0000 C   0  0  2  0  0  0  0  0  0  0  0  0
   -1.1340    1.0389    0.0000 C   0  0  0  0  0  0  0  0  0  0  0  0
   -1.1275    1.8517    0.0000 C   0  0  2  0  0  0  0  0  0  0  0  0
   -1.8331    2.2578    0.0000 C   0  0  2  0  0  0  0  0  0  0  0  0
   -2.5427    1.8574    0.0000 C   0  0  0  0  0  0  0  0  0  0  0  0
   -2.5467    1.0384    0.0000 C   0  0  0  0  0  0  0  0  0  0  0  0
   -4.6932   -1.8292    0.0000 C   0  0  0  0  0  0  0  0  0  0  0  0
   -2.5614   -0.5826    0.0000 O   0  0  0  0  0  0  0  0  0  0  0  0
   -0.4132   -1.8375    0.0000 O   0  0  0  0  0  0  0  0  0  0  0  0
   -1.8467   -0.1878    0.0000 O   0  0  0  0  0  0  0  0  0  0  0  0
    0.2929   -0.6082    0.0000 O   0  0  0  0  0  0  0  0  0  0  0  0
    1.0075   -1.0225    0.0000 C   0  0  2  0  0  0  0  0  0  0  0  0
    1.0075   -1.8504    0.0000 O   0  0  0  0  0  0  0  0  0  0  0  0
    1.7193   -2.2654    0.0000 C   0  0  1  0  0  0  0  0  0  0  0  0
    2.4375   -1.8532    0.0000 C   0  0  2  0  0  0  0  0  0  0  0  0
    2.4449   -1.0292    0.0000 C   0  0  1  0  0  0  0  0  0  0  0  0
    1.7286   -0.6096    0.0000 C   0  0  1  0  0  0  0  0  0  0  0  0
    3.1538   -2.2667    0.0000 O   0  0  0  0  0  0  0  0  0  0  0  0
   -1.8296    3.0839    0.0000 O   0  0  0  0  0  0  0  0  0  0  0  0
   -1.1156    3.4992    0.0000 C   0  0  2  0  0  0  0  0  0  0  0  0
   -0.3984    3.0914    0.0000 O   0  0  0  0  0  0  0  0  0  0  0  0
    0.3127    3.5038    0.0000 C   0  0  2  0  0  0  0  0  0  0  0  0
    0.3114    4.3294    0.0000 C   0  0  2  0  0  0  0  0  0  0  0  0
   -0.3981    4.7411    0.0000 C   0  0  0  0  0  0  0  0  0  0  0  0
   -1.1156    4.3270    0.0000 C   0  0  0  0  0  0  0  0  0  0  0  0
    1.7327    0.2153    0.0000 O   0  0  0  0  0  0  0  0  0  0  0  0
    3.1625   -0.6222    0.0000 N   0  0  0  0  0  0  0  0  0  0  0  0
    3.1689    0.2027    0.0000 C   0  0  0  0  0  0  0  0  0  0  0  0
    3.8738   -1.0402    0.0000 C   0  0  0  0  0  0  0  0  0  0  0  0
    1.7164   -3.0903    0.0000 C   0  0  0  0  0  0  0  0  0  0  0  0
    3.1538   -3.0917    0.0000 C   0  0  2  0  0  0  0  0  0  0  0  0
    2.4393   -3.5042    0.0000 O   0  0  0  0  0  0  0  0  0  0  0  0
    2.4393   -4.3292    0.0000 C   0  0  2  0  0  0  0  0  0  0  0  0
    3.1538   -4.7418    0.0000 C   0  0  1  0  0  0  0  0  0  0  0  0
    3.8683   -4.3292    0.0000 C   0  0  1  0  0  0  0  0  0  0  0  0
    3.8683   -3.5042    0.0000 C   0  0  0  0  0  0  0  0  0  0  0  0
    3.1538   -5.5667    0.0000 O   0  0  0  0  0  0  0  0  0  0  0  0
    4.6932   -4.3292    0.0000 O   0  0  0  0  0  0  0  0  0  0  0  0
    4.2807   -5.0438    0.0000 C   0  0  0  0  0  0  0  0  0  0  0  0
    1.7248   -4.7418    0.0000 C   0  0  0  0  0  0  0  0  0  0  0  0
    1.0278    3.0925    0.0000 C   0  0  0  0  0  0  0  0  0  0  0  0
    1.0260    4.7418    0.0000 N   0  0  0  0  0  0  0  0  0  0  0  0
    1.0262    5.5667    0.0000 C   0  0  0  0  0  0  0  0  0  0  0  0
    1.7403    4.3290    0.0000 C   0  0  0  0  0  0  0  0  0  0  0  0
   -0.4117    2.2618    0.0000 C   0  0  0  0  0  0  0  0  0  0  0  0
    0.2952    1.0382    0.0000 C   0  0  0  0  0  0  0  0  0  0  0  0
    1.0093    0.6249    0.0000 C   0  0  0  0  0  0  0  0  0  0  0  0
    1.7242    1.0367    0.0000 O   0  0  0  0  0  0  0  0  0  0  0  0
   -1.8467    0.6371    0.0000 C   0  0  0  0  0  0  0  0  0  0  0  0
  9 10  1  0  0  0  0
 10 11  1  0  0  0  0
 11 12  1  0  0  0  0
  9 20  1  6  0  0  0
  1  7  1  0  0  0  0
  2  3  1  0  0  0  0
  3  4  1  0  0  0  0
 12 13  1  0  0  0  0
 13 14  1  0  0  0  0
 14 15  1  0  0  0  0
 15 16  2  0  0  0  0
  2 17  1  6  0  0  0
  4  5  1  0  0  0  0
  4 18  2  0  0  0  0
  5  6  1  0  0  0  0
  6 19  1  6  0  0  0
  6  9  1  0  0  0  0
  1  2  1  0  0  0  0
  7  8  2  0  0  0  0
 16  8  1  0  0  0  0
 10 21  1  6  0  0  0
 22 23  1  0  0  0  0
 22 27  1  0  0  0  0
 23 24  1  0  0  0  0
 24 25  1  0  0  0  0
 25 26  1  0  0  0  0
 26 27  1  0  0  0  0
 25 28  1  6  0  0  0
 22 21  1  1  0  0  0
 14 29  1  6  0  0  0
 32 33  1  0  0  0  0
 33 34  1  0  0  0  0
 34 35  1  0  0  0  0
 30 31  1  0  0  0  0
 30 35  1  0  0  0  0
 31 32  1  0  0  0  0
 30 29  1  1  0  0  0
 27 36  1  6  0  0  0
 26 37  1  1  0  0  0
 37 38  1  0  0  0  0
 37 39  1  0  0  0  0
 24 40  1  1  0  0  0
 41 42  1  0  0  0  0
 42 43  1  0  0  0  0
 43 44  1  0  0  0  0
 44 45  1  0  0  0  0
 45 46  1  0  0  0  0
 41 46  1  0  0  0  0
 41 28  1  1  0  0  0
 44 47  1  1  0  0  0
 45 48  1  1  0  0  0
 45 49  1  6  0  0  0
 43 50  1  6  0  0  0
 32 51  1  6  0  0  0
 33 52  1  6  0  0  0
 52 53  1  0  0  0  0
 52 54  1  0  0  0  0
 13 55  1  6  0  0  0
 11 56  1  6  0  0  0
 56 57  1  0  0  0  0
 57 58  2  0  0  0  0
 20 59  1  0  0  0  0
M  END
