
  Mrv1909 02072016302D          

 20 21  0  0  0  0            999 V2000
   -0.0252    1.9231    0.0000 C   0  0  0  0  0  0  0  0  0  0  0  0
    0.6892    1.5106    0.0000 C   0  0  0  0  0  0  0  0  0  0  0  0
   -0.0252    0.2731    0.0000 C   0  0  0  0  0  0  0  0  0  0  0  0
    0.6892    0.6856    0.0000 C   0  0  0  0  0  0  0  0  0  0  0  0
   -0.7397    1.5106    0.0000 C   0  0  0  0  0  0  0  0  0  0  0  0
   -0.7397    0.6856    0.0000 C   0  0  0  0  0  0  0  0  0  0  0  0
    1.9586    1.0981    0.0000 C   0  0  0  0  0  0  0  0  0  0  0  0
    1.4738    1.7655    0.0000 N   0  0  0  0  0  0  0  0  0  0  0  0
    1.4737    0.4307    0.0000 C   0  0  0  0  0  0  0  0  0  0  0  0
   -1.4541    0.2732    0.0000 C   0  0  0  0  0  0  0  0  0  0  0  0
   -2.8830    0.2732    0.0000 N   0  0  0  0  0  0  0  0  0  0  0  0
   -3.5975    0.6857    0.0000 C   0  0  0  0  0  0  0  0  0  0  0  0
    2.5357   -0.5255    0.0000 C   0  0  0  0  0  0  0  0  0  0  0  0
    2.2385   -1.9231    0.0000 C   0  0  0  0  0  0  0  0  0  0  0  0
    2.7905   -1.3101    0.0000 N   0  0  0  0  0  0  0  0  0  0  0  0
    3.5975   -1.4815    0.0000 C   0  0  0  0  0  0  0  0  0  0  0  0
    1.7286   -0.3539    0.0000 C   0  0  0  0  0  0  0  0  0  0  0  0
   -2.1686    0.6857    0.0000 S   0  0  0  0  0  0  0  0  0  0  0  0
   -2.5810    1.4001    0.0000 O   0  0  0  0  0  0  0  0  0  0  0  0
   -1.7561    1.4001    0.0000 O   0  0  0  0  0  0  0  0  0  0  0  0
  1  2  2  0  0  0  0
  2  8  1  0  0  0  0
  4  2  1  0  0  0  0
  3  4  2  0  0  0  0
  9  4  1  0  0  0  0
  5  1  1  0  0  0  0
  3  6  1  0  0  0  0
  6  5  2  0  0  0  0
  6 10  1  0  0  0  0
  9  7  2  0  0  0  0
  8  7  1  0  0  0  0
  9 17  1  0  0  0  0
 10 18  1  0  0  0  0
 18 11  1  0  0  0  0
 11 12  1  0  0  0  0
 17 13  1  0  0  0  0
 13 15  1  0  0  0  0
 15 14  1  0  0  0  0
 15 16  1  0  0  0  0
 18 19  2  0  0  0  0
 18 20  2  0  0  0  0
M  END
