
  Mrv1909 11201903352D          

 26 27  0  0  0  0            999 V2000
   -4.2739    0.6192    0.0000 C   0  0  0  0  0  0  0  0  0  0  0  0
   -3.5608    1.0321    0.0000 N   0  0  0  0  0  0  0  0  0  0  0  0
   -2.8476    0.6192    0.0000 C   0  0  0  0  0  0  0  0  0  0  0  0
   -2.1343    1.0321    0.0000 C   0  0  0  0  0  0  0  0  0  0  0  0
   -1.4212    0.6192    0.0000 C   0  0  0  0  0  0  0  0  0  0  0  0
   -0.7081    1.0321    0.0000 O   0  0  0  0  0  0  0  0  0  0  0  0
    0.0050    0.6192    0.0000 C   0  0  0  0  0  0  0  0  0  0  0  0
    0.0013   -0.2058    0.0000 C   0  0  0  0  0  0  0  0  0  0  0  0
    0.7136   -0.6185    0.0000 C   0  0  0  0  0  0  0  0  0  0  0  0
    1.4287   -0.2074    0.0000 C   0  0  0  0  0  0  0  0  0  0  0  0
    1.4270    0.6208    0.0000 C   0  0  0  0  0  0  0  0  0  0  0  0
    0.7142    1.0299    0.0000 C   0  0  0  0  0  0  0  0  0  0  0  0
   -2.1385    1.8579    0.0000 O   0  0  0  0  0  0  0  0  0  0  0  0
   -4.6837    1.3383    0.0000 C   0  0  0  0  0  0  0  0  0  0  0  0
   -3.8650   -0.0981    0.0000 C   0  0  0  0  0  0  0  0  0  0  0  0
   -4.9912    0.2104    0.0000 C   0  0  0  0  0  0  0  0  0  0  0  0
    2.1404   -0.6192    0.0000 N   0  0  0  0  0  0  0  0  0  0  0  0
    2.1361   -1.4450    0.0000 C   0  0  0  0  0  0  0  0  0  0  0  0
    1.4189   -1.8538    0.0000 O   0  0  0  0  0  0  0  0  0  0  0  0
    2.8493   -1.8579    0.0000 N   0  0  0  0  0  0  0  0  0  0  0  0
    3.5625   -1.4409    0.0000 C   0  0  0  0  0  0  0  0  0  0  0  0
    4.2801   -1.8522    0.0000 C   0  0  0  0  0  0  0  0  0  0  0  0
    4.9912   -1.4386    0.0000 C   0  0  0  0  0  0  0  0  0  0  0  0
    4.9909   -0.6121    0.0000 C   0  0  0  0  0  0  0  0  0  0  0  0
    4.2733   -0.2009    0.0000 C   0  0  0  0  0  0  0  0  0  0  0  0
    3.5559   -0.6160    0.0000 C   0  0  0  0  0  0  0  0  0  0  0  0
  4 13  1  0  0  0  0
  6  7  1  0  0  0  0
  1 14  1  0  0  0  0
  3  4  1  0  0  0  0
  1 15  1  0  0  0  0
  7  8  2  0  0  0  0
  1 16  1  0  0  0  0
 10 17  1  0  0  0  0
  8  9  1  0  0  0  0
 17 18  1  0  0  0  0
  4  5  1  0  0  0  0
 18 19  2  0  0  0  0
  9 10  2  0  0  0  0
 18 20  1  0  0  0  0
  2  3  1  0  0  0  0
 20 21  1  0  0  0  0
 21 22  1  0  0  0  0
 10 11  1  0  0  0  0
  5  6  1  0  0  0  0
 11 12  2  0  0  0  0
 12  7  1  0  0  0  0
  1  2  1  0  0  0  0
 21 26  1  0  0  0  0
 22 23  1  0  0  0  0
 23 24  1  0  0  0  0
 24 25  1  0  0  0  0
 25 26  1  0  0  0  0
M  END
