1405
  Mrv0541 02231215282D          

 30 33  0  0  1  0            999 V2000
    7.1488    2.0824    0.0000 F   0  0  0  0  0  0  0  0  0  0  0  0
    2.8075   -0.4125    0.0000 F   0  0  0  0  0  0  0  0  0  0  0  0
    4.2364   -2.8875    0.0000 F   0  0  0  0  0  0  0  0  0  0  0  0
    4.2364    2.8875    0.0000 O   0  0  0  0  0  0  0  0  0  0  0  0
    2.0930    1.6500    0.0000 O   0  0  0  0  0  0  0  0  0  0  0  0
    2.8075    2.8875    0.0000 O   0  0  0  0  0  0  0  0  0  0  0  0
    7.1488    0.3926    0.0000 N   0  0  0  0  0  0  0  0  0  0  0  0
    8.5746   -0.4379    0.0000 N   0  0  0  0  0  0  0  0  0  0  0  0
    4.2364    0.4125    0.0000 N   0  0  0  0  0  0  0  0  0  0  0  0
    7.8585   -0.8477    0.0000 C   0  0  0  0  0  0  0  0  0  0  0  0
    7.1456   -0.4324    0.0000 C   0  0  0  0  0  0  0  0  0  0  0  0
    7.8649    0.8023    0.0000 C   0  0  0  0  0  0  0  0  0  0  0  0
    8.5778    0.3871    0.0000 C   0  0  0  0  0  0  0  0  0  0  0  0
    6.4359    0.8078    0.0000 C   0  0  0  0  0  0  0  0  0  0  0  0
    7.8553   -1.6727    0.0000 C   0  0  0  0  0  0  0  0  0  0  0  0
    5.6884    0.3839    0.0000 C   0  0  0  0  0  0  0  0  0  0  0  0
    4.9509    0.8250    0.0000 C   0  0  0  0  0  0  0  0  0  0  0  0
    6.4359    1.6672    0.0000 C   0  0  0  0  0  0  0  0  0  0  0  0
    4.9509    1.6500    0.0000 C   0  0  0  0  0  0  0  0  0  0  0  0
    5.6884    2.0911    0.0000 C   0  0  0  0  0  0  0  0  0  0  0  0
    4.2364    2.0625    0.0000 C   0  0  0  0  0  0  0  0  0  0  0  0
    3.5220    0.8250    0.0000 C   0  0  0  0  0  0  0  0  0  0  0  0
    3.5220    1.6500    0.0000 C   0  0  0  0  0  0  0  0  0  0  0  0
    4.2364   -0.4125    0.0000 C   0  0  0  0  0  0  0  0  0  0  0  0
    3.5220   -0.8250    0.0000 C   0  0  0  0  0  0  0  0  0  0  0  0
    4.9509   -0.8250    0.0000 C   0  0  0  0  0  0  0  0  0  0  0  0
    2.8075    2.0625    0.0000 C   0  0  0  0  0  0  0  0  0  0  0  0
    3.5220   -1.6500    0.0000 C   0  0  0  0  0  0  0  0  0  0  0  0
    4.9509   -1.6500    0.0000 C   0  0  0  0  0  0  0  0  0  0  0  0
    4.2364   -2.0625    0.0000 C   0  0  0  0  0  0  0  0  0  0  0  0
  1 18  1  0  0  0  0
  2 25  1  0  0  0  0
  3 30  1  0  0  0  0
  4 21  2  0  0  0  0
  5 27  1  0  0  0  0
  6 27  2  0  0  0  0
  7 11  1  0  0  0  0
  7 12  1  0  0  0  0
  7 14  1  0  0  0  0
  8 10  1  0  0  0  0
  8 13  1  0  0  0  0
  9 17  1  0  0  0  0
  9 22  1  0  0  0  0
  9 24  1  0  0  0  0
 10 11  1  0  0  0  0
 10 15  1  0  0  0  0
 12 13  1  0  0  0  0
 14 16  1  0  0  0  0
 14 18  2  0  0  0  0
 16 17  2  0  0  0  0
 17 19  1  0  0  0  0
 18 20  1  0  0  0  0
 19 20  2  0  0  0  0
 19 21  1  0  0  0  0
 21 23  1  0  0  0  0
 22 23  2  0  0  0  0
 23 27  1  0  0  0  0
 24 25  2  0  0  0  0
 24 26  1  0  0  0  0
 25 28  1  0  0  0  0
 26 29  2  0  0  0  0
 28 30  2  0  0  0  0
 29 30  1  0  0  0  0
M  END
