
  Mrv1909 02212019122D          

 51 58  0  0  0  0            999 V2000
   -0.3468    0.2834    0.0000 C   0  0  2  0  0  0  0  0  0  0  0  0
   -1.0595    0.6962    0.0000 C   0  0  1  0  0  0  0  0  0  0  0  0
   -1.7750    0.2834    0.0000 C   0  0  0  0  0  0  0  0  0  0  0  0
   -1.7750   -0.5422    0.0000 C   0  0  0  0  0  0  0  0  0  0  0  0
   -0.3468   -0.5422    0.0000 C   0  0  1  0  0  0  0  0  0  0  0  0
   -1.0595   -0.9549    0.0000 C   0  0  2  0  0  0  0  0  0  0  0  0
    1.0787    2.7603    0.0000 C   0  0  1  0  0  0  0  0  0  0  0  0
   -0.3468    1.9347    0.0000 C   0  0  1  0  0  0  0  0  0  0  0  0
    1.7888    3.1730    0.0000 O   0  0  0  0  0  0  0  0  0  0  0  0
   -0.3468    2.7603    0.0000 C   0  0  1  0  0  0  0  0  0  0  0  0
    0.3632    3.1730    0.0000 C   0  0  1  0  0  0  0  0  0  0  0  0
    0.3632    1.5218    0.0000 O   0  0  0  0  0  0  0  0  0  0  0  0
   -1.0595    1.5218    0.0000 O   0  0  0  0  0  0  0  0  0  0  0  0
    1.0815    1.9347    0.0000 C   0  0  2  0  0  0  0  0  0  0  0  0
   -1.0595   -1.7805    0.0000 C   0  0  0  0  0  0  0  0  0  0  0  0
    2.5016    2.7603    0.0000 C   0  0  2  0  0  0  0  0  0  0  0  0
    0.4375   -0.7981    0.0000 C   0  0  0  0  0  0  0  0  0  0  0  0
   -2.4933    0.6962    0.0000 C   0  0  0  0  0  0  0  0  0  0  0  0
   -2.4933   -0.9549    0.0000 C   0  0  0  0  0  0  0  0  0  0  0  0
   -1.0595   -3.4317    0.0000 C   0  0  0  0  0  0  0  0  0  0  0  0
    0.9191   -0.1293    0.0000 O   0  0  0  0  0  0  0  0  0  0  0  0
    3.2116    3.1730    0.0000 C   0  0  0  0  0  0  0  0  0  0  0  0
    0.4375    0.5394    0.0000 C   0  0  0  0  0  0  0  0  0  0  0  0
    2.5016    1.9374    0.0000 O   0  0  0  0  0  0  0  0  0  0  0  0
   -1.7750   -3.0190    0.0000 C   0  0  0  0  0  0  0  0  0  0  0  0
   -0.3468   -3.0190    0.0000 C   0  0  0  0  0  0  0  0  0  0  0  0
   -3.2061    0.2834    0.0000 C   0  0  0  0  0  0  0  0  0  0  0  0
   -3.2061   -0.5422    0.0000 C   0  0  0  0  0  0  0  0  0  0  0  0
   -1.7750   -2.1934    0.0000 C   0  0  0  0  0  0  0  0  0  0  0  0
   -0.3468   -2.1934    0.0000 C   0  0  0  0  0  0  0  0  0  0  0  0
    3.9960    2.9253    0.0000 S   0  0  0  0  0  0  0  0  0  0  0  0
    1.7915    1.5301    0.0000 C   0  0  0  0  0  0  0  0  0  0  0  0
   -3.9905    0.5394    0.0000 O   0  0  0  0  0  0  0  0  0  0  0  0
   -3.9905   -0.7981    0.0000 O   0  0  0  0  0  0  0  0  0  0  0  0
   -4.4748   -0.1293    0.0000 C   0  0  0  0  0  0  0  0  0  0  0  0
    3.2116    3.9932    0.0000 C   0  0  0  0  0  0  0  0  0  0  0  0
    0.6907   -1.5824    0.0000 O   0  0  0  0  0  0  0  0  0  0  0  0
    4.4748    3.5887    0.0000 C   0  0  0  0  0  0  0  0  0  0  0  0
    3.9932    4.2547    0.0000 C   0  0  0  0  0  0  0  0  0  0  0  0
   -1.0595    3.1730    0.0000 O   0  0  0  0  0  0  0  0  0  0  0  0
    0.3632    3.9987    0.0000 O   0  0  0  0  0  0  0  0  0  0  0  0
   -1.0595   -4.2547    0.0000 O   0  0  0  0  0  0  0  0  0  0  0  0
    0.3632   -3.4317    0.0000 O   0  0  0  0  0  0  0  0  0  0  0  0
   -2.4933   -3.4317    0.0000 O   0  0  0  0  0  0  0  0  0  0  0  0
    0.3632   -4.2547    0.0000 C   0  0  0  0  0  0  0  0  0  0  0  0
   -2.4933   -4.2547    0.0000 C   0  0  0  0  0  0  0  0  0  0  0  0
   -0.2587   -1.3595    0.0000 H   0  0  0  0  0  0  0  0  0  0  0  0
   -0.2587    1.1036    0.0000 H   0  0  0  0  0  0  0  0  0  0  0  0
   -1.0650    2.3502    0.0000 H   0  0  0  0  0  0  0  0  0  0  0  0
    1.0732    3.5887    0.0000 H   0  0  0  0  0  0  0  0  0  0  0  0
    1.0787    1.1118    0.0000 H   0  0  0  0  0  0  0  0  0  0  0  0
  2  1  1  0  0  0  0
  3  2  1  0  0  0  0
  4  6  1  0  0  0  0
  5  1  1  0  0  0  0
  6  5  1  0  0  0  0
  7 14  1  0  0  0  0
  8 13  1  0  0  0  0
  9  7  1  0  0  0  0
 10  8  1  0  0  0  0
 11 10  1  0  0  0  0
 12  8  1  0  0  0  0
  2 13  1  1  0  0  0
 14 12  1  0  0  0  0
  6 15  1  6  0  0  0
 16 24  1  0  0  0  0
 17  5  1  0  0  0  0
 18  3  1  0  0  0  0
 19  4  1  0  0  0  0
 20 26  2  0  0  0  0
 21 23  1  0  0  0  0
 16 22  1  6  0  0  0
 23  1  1  0  0  0  0
 24 32  1  0  0  0  0
 25 29  2  0  0  0  0
 26 30  1  0  0  0  0
 27 18  2  0  0  0  0
 28 19  2  0  0  0  0
 29 15  1  0  0  0  0
 30 15  2  0  0  0  0
 31 22  1  0  0  0  0
 32 14  1  0  0  0  0
 33 27  1  0  0  0  0
 34 28  1  0  0  0  0
 35 33  1  0  0  0  0
 36 22  2  0  0  0  0
 37 17  2  0  0  0  0
 38 31  1  0  0  0  0
 39 36  1  0  0  0  0
 10 40  1  6  0  0  0
 11 41  1  1  0  0  0
 42 20  1  0  0  0  0
 43 26  1  0  0  0  0
 44 25  1  0  0  0  0
 45 43  1  0  0  0  0
 46 44  1  0  0  0  0
  5 47  1  1  0  0  0
  1 48  1  6  0  0  0
  8 49  1  6  0  0  0
  7 50  1  1  0  0  0
 14 51  1  6  0  0  0
 21 17  1  0  0  0  0
  3  4  2  0  0  0  0
 25 20  1  0  0  0  0
 28 27  1  0  0  0  0
 11  7  1  0  0  0  0
 35 34  1  0  0  0  0
 16  9  1  0  0  0  0
 38 39  2  0  0  0  0
M  END
