
  Mrv1909 07041919232D          

 31 35  0  0  0  0            999 V2000
    0.8111    0.6467    0.0000 C   0  0  0  0  0  0  0  0  0  0  0  0
   -0.3203   -0.0281    0.0000 C   0  0  0  0  0  0  0  0  0  0  0  0
    5.1790   -4.3987    0.0000 C   0  0  0  0  0  0  0  0  0  0  0  0
    5.3852   -1.3867    0.0000 C   0  0  0  0  0  0  0  0  0  0  0  0
    5.0083   -3.5916    0.0000 C   0  0  0  0  0  0  0  0  0  0  0  0
    4.5780   -1.5575    0.0000 C   0  0  0  0  0  0  0  0  0  0  0  0
    4.4641   -4.8105    0.0000 C   0  0  0  0  0  0  0  0  0  0  0  0
    5.7969   -2.1016    0.0000 C   0  0  0  0  0  0  0  0  0  0  0  0
    1.9893   -0.5417    0.0000 C   0  0  0  0  0  0  0  0  0  0  0  0
    1.6113   -0.9304    0.0000 C   0  0  0  0  0  0  0  0  0  0  0  0
    2.1275   -1.3591    0.0000 C   0  0  1  0  0  0  0  0  0  0  0  0
    1.0605   -0.5572    0.0000 C   0  0  1  0  0  0  0  0  0  0  0  0
    0.6396   -0.9304    0.0000 C   0  0  2  0  0  0  0  0  0  0  0  0
    4.1879   -3.5045    0.0000 C   0  0  0  0  0  0  0  0  0  0  0  0
    4.4910   -2.3779    0.0000 C   0  0  0  0  0  0  0  0  0  0  0  0
    0.7400   -1.2658    0.0000 C   0  0  1  0  0  0  0  0  0  0  0  0
    0.0349   -1.6942    0.0000 C   0  0  2  0  0  0  0  0  0  0  0  0
    3.3643   -2.0748    0.0000 C   0  0  0  0  0  0  0  0  0  0  0  0
    3.7761   -2.7897    0.0000 C   0  0  0  0  0  0  0  0  0  0  0  0
    0.4999   -0.1173    0.0000 N   0  3  0  0  0  0  0  0  0  0  0  0
    3.7775   -1.3607    0.0000 O   0  0  0  0  0  0  0  0  0  0  0  0
    3.0612   -3.2015    0.0000 O   0  0  0  0  0  0  0  0  0  0  0  0
    2.5393   -2.0740    0.0000 O   0  0  0  0  0  0  0  0  0  0  0  0
    0.7585   -2.0906    0.0000 O   0  0  0  0  0  0  0  0  0  0  0  0
    3.8516   -4.2579    0.0000 S   0  0  0  0  0  0  0  0  0  0  0  0
    5.2443   -2.7142    0.0000 S   0  0  0  0  0  0  0  0  0  0  0  0
    2.9039   -1.0800    0.0000 H   0  0  0  0  0  0  0  0  0  0  0  0
    0.8706    0.2456    0.0000 H   0  0  0  0  0  0  0  0  0  0  0  0
    0.0480   -0.3554    0.0000 H   0  0  0  0  0  0  0  0  0  0  0  0
    1.5484   -1.4307    0.0000 H   0  0  0  0  0  0  0  0  0  0  0  0
   -0.7736   -1.8581    0.0000 H   0  0  0  0  0  0  0  0  0  0  0  0
  5  3  1  0  0  0  0
  6  4  1  0  0  0  0
  7  3  2  0  0  0  0
  8  4  2  0  0  0  0
 11  9  1  0  0  0  0
 11 10  1  0  0  0  0
 12  9  1  0  0  0  0
 13 10  1  0  0  0  0
 14  5  2  0  0  0  0
 15  6  2  0  0  0  0
 16 12  1  0  0  0  0
 17 13  1  0  0  0  0
 17 16  1  0  0  0  0
 19 14  1  0  0  0  0
 19 15  1  0  0  0  0
 19 18  1  0  0  0  0
 20  1  1  0  0  0  0
 20  2  1  0  0  0  0
 20 12  1  0  0  0  0
 20 13  1  0  0  0  0
 21 18  2  0  0  0  0
 22 19  1  0  0  0  0
 11 23  1  6  0  0  0
 23 18  1  0  0  0  0
 24 16  1  0  0  0  0
 24 17  1  0  0  0  0
 25  7  1  0  0  0  0
 25 14  1  0  0  0  0
 26  8  1  0  0  0  0
 26 15  1  0  0  0  0
 11 27  1  1  0  0  0
 12 28  1  6  0  0  0
 13 29  1  1  0  0  0
 16 30  1  1  0  0  0
 17 31  1  1  0  0  0
M  CHG  1  20   1
M  END
