toliprolol
  CDK     0223171732
null
 16 16  0  0  0  0  0  0  0  0999 V2000
    0.7149   -1.5630    0.0000 O   0  0  0  0  0  0  0  0  0  0  0  0
    0.0000   -1.9747    0.0000 C   0  0  0  0  0  0  0  0  0  0  0  0
    1.4298   -1.9747    0.0000 C   0  0  0  0  0  0  0  0  0  0  0  0
   -0.7149   -1.5630    0.0000 C   0  0  0  0  0  0  0  0  0  0  0  0
    2.1468   -1.5630    0.0000 C   0  0  0  0  0  0  0  0  0  0  0  0
    1.4298   -2.8002    0.0000 C   0  0  0  0  0  0  0  0  0  0  0  0
   -1.4298   -1.9747    0.0000 C   0  0  0  0  0  0  0  0  0  0  0  0
   -0.7149   -0.7374    0.0000 O   0  0  0  0  0  0  0  0  0  0  0  0
    2.8596   -1.9747    0.0000 C   0  0  0  0  0  0  0  0  0  0  0  0
    2.1468   -3.2140    0.0000 C   0  0  0  0  0  0  0  0  0  0  0  0
   -2.1447   -1.5630    0.0000 N   0  0  0  0  0  0  0  0  0  0  0  0
    3.5745   -1.5630    0.0000 C   0  0  0  0  0  0  0  0  0  0  0  0
    2.8596   -2.8002    0.0000 C   0  0  0  0  0  0  0  0  0  0  0  0
   -2.8596   -1.9747    0.0000 C   0  0  0  0  0  0  0  0  0  0  0  0
   -3.5745   -1.5630    0.0000 C   0  0  0  0  0  0  0  0  0  0  0  0
   -2.8596   -2.8002    0.0000 C   0  0  0  0  0  0  0  0  0  0  0  0
  1  2  1  0  0  0  0 
  1  3  1  0  0  0  0 
  4  2  1  0  0  0  0 
  3  5  2  0  0  0  0 
  3  6  1  0  0  0  0 
  4  7  1  0  0  0  0 
  4  8  1  0  0  0  0 
  5  9  1  0  0  0  0 
  6 10  2  0  0  0  0 
  7 11  1  0  0  0  0 
  9 12  1  0  0  0  0 
  9 13  2  0  0  0  0 
 10 13  1  0  0  0  0 
 11 14  1  0  0  0  0 
 14 15  1  0  0  0  0 
 14 16  1  0  0  0  0 
M  END
