
  Mrv1909 10301920412D          

 23 24  0  0  0  0            999 V2000
    2.5006    1.0312    0.0000 C   0  0  0  0  0  0  0  0  0  0  0  0
    2.5006    0.2062    0.0000 C   0  0  0  0  0  0  0  0  0  0  0  0
    3.2151   -0.2062    0.0000 C   0  0  0  0  0  0  0  0  0  0  0  0
    3.2151   -1.0312    0.0000 C   0  0  0  0  0  0  0  0  0  0  0  0
    2.5006   -1.4437    0.0000 C   0  0  0  0  0  0  0  0  0  0  0  0
    1.7861   -1.0312    0.0000 C   0  0  0  0  0  0  0  0  0  0  0  0
    1.0717   -1.4437    0.0000 C   0  0  0  0  0  0  0  0  0  0  0  0
    1.7861   -0.2062    0.0000 C   0  0  0  0  0  0  0  0  0  0  0  0
    1.0717    0.2062    0.0000 N   0  0  0  0  0  0  0  0  0  0  0  0
    0.3572   -0.2062    0.0000 C   0  0  0  0  0  0  0  0  0  0  0  0
    0.3572   -1.0312    0.0000 O   0  0  0  0  0  0  0  0  0  0  0  0
   -0.3572    0.2062    0.0000 C   0  0  0  0  0  0  0  0  0  0  0  0
   -1.0717   -0.2062    0.0000 C   0  0  0  0  0  0  0  0  0  0  0  0
   -1.7861    0.2062    0.0000 C   0  0  0  0  0  0  0  0  0  0  0  0
   -1.7861    1.0312    0.0000 C   0  0  0  0  0  0  0  0  0  0  0  0
   -2.5006    1.4437    0.0000 Cl  0  0  0  0  0  0  0  0  0  0  0  0
   -1.0717    1.4437    0.0000 C   0  0  0  0  0  0  0  0  0  0  0  0
   -0.3572    1.0312    0.0000 C   0  0  0  0  0  0  0  0  0  0  0  0
    0.3572    1.4437    0.0000 O   0  0  0  0  0  0  0  0  0  0  0  0
   -2.5006   -0.2062    0.0000 S   0  0  0  0  0  0  0  0  0  0  0  0
   -3.2151   -0.6187    0.0000 O   0  0  0  0  0  0  0  0  0  0  0  0
   -2.9131    0.5082    0.0000 O   0  0  0  0  0  0  0  0  0  0  0  0
   -2.0881   -0.9207    0.0000 N   0  0  0  0  0  0  0  0  0  0  0  0
  1  2  1  0  0  0  0
  2  3  2  0  0  0  0
  3  4  1  0  0  0  0
  4  5  2  0  0  0  0
  5  6  1  0  0  0  0
  6  7  1  0  0  0  0
  6  8  2  0  0  0  0
  2  8  1  0  0  0  0
  8  9  1  0  0  0  0
  9 10  1  0  0  0  0
 10 11  2  0  0  0  0
 10 12  1  0  0  0  0
 12 13  2  0  0  0  0
 13 14  1  0  0  0  0
 14 15  2  0  0  0  0
 15 16  1  0  0  0  0
 15 17  1  0  0  0  0
 17 18  2  0  0  0  0
 12 18  1  0  0  0  0
 18 19  1  0  0  0  0
 14 20  1  0  0  0  0
 20 21  2  0  0  0  0
 20 22  2  0  0  0  0
 20 23  1  0  0  0  0
M  END
