
  Mrv1909 03062023482D          

 27 30  0  0  0  0            999 V2000
   -2.5006   -0.8250    0.0000 C   0  0  0  0  0  0  0  0  0  0  0  0
   -3.2151   -0.4125    0.0000 C   0  0  0  0  0  0  0  0  0  0  0  0
   -3.9296   -0.8250    0.0000 C   0  0  0  0  0  0  0  0  0  0  0  0
   -3.9296   -1.6500    0.0000 C   0  0  0  0  0  0  0  0  0  0  0  0
   -3.2151   -2.0625    0.0000 C   0  0  0  0  0  0  0  0  0  0  0  0
   -2.5006   -1.6500    0.0000 C   0  0  0  0  0  0  0  0  0  0  0  0
   -1.7862   -2.0625    0.0000 S   0  0  0  0  0  0  0  0  0  0  0  0
   -1.0716   -1.6500    0.0000 C   0  0  0  0  0  0  0  0  0  0  0  0
   -1.0716   -0.8250    0.0000 C   0  0  0  0  0  0  0  0  0  0  0  0
   -1.7862   -0.4125    0.0000 C   0  0  0  0  0  0  0  0  0  0  0  0
   -0.3572   -0.4125    0.0000 C   0  0  0  0  0  0  0  0  0  0  0  0
   -0.3572   -2.0625    0.0000 C   0  0  0  0  0  0  0  0  0  0  0  0
    0.3572   -1.6500    0.0000 C   0  0  0  0  0  0  0  0  0  0  0  0
    0.3572   -0.8250    0.0000 C   0  0  0  0  0  0  0  0  0  0  0  0
   -1.7862    0.4125    0.0000 C   0  0  0  0  0  0  0  0  0  0  0  0
   -1.0716    0.8250    0.0000 C   0  0  0  0  0  0  0  0  0  0  0  0
   -0.3573    0.4125    0.0000 C   0  0  0  0  0  0  0  0  0  0  0  0
    0.3571    0.8250    0.0000 N   0  0  0  0  0  0  0  0  0  0  0  0
    1.0716    2.0625    0.0000 C   0  0  0  0  0  0  0  0  0  0  0  0
    0.3571    1.6500    0.0000 C   0  0  0  0  0  0  0  0  0  0  0  0
    1.0716    0.4125    0.0000 C   0  0  0  0  0  0  0  0  0  0  0  0
    1.7860    0.8250    0.0000 C   0  0  0  0  0  0  0  0  0  0  0  0
    1.7860    1.6500    0.0000 N   0  0  0  0  0  0  0  0  0  0  0  0
    2.5005    2.0625    0.0000 C   0  0  0  0  0  0  0  0  0  0  0  0
    3.2151    1.6500    0.0000 C   0  0  0  0  0  0  0  0  0  0  0  0
    3.9296    2.0625    0.0000 O   0  0  0  0  0  0  0  0  0  0  0  0
    1.0716   -0.4125    0.0000 Cl  0  0  0  0  0  0  0  0  0  0  0  0
  1  2  1  0  0  0  0
  1  6  2  0  0  0  0
  1 10  1  0  0  0  0
  2  3  2  0  0  0  0
  3  4  1  0  0  0  0
  4  5  2  0  0  0  0
  5  6  1  0  0  0  0
  6  7  1  0  0  0  0
  7  8  1  0  0  0  0
  9 10  1  0  0  0  0
 11  9  1  0  0  0  0
  8  9  2  0  0  0  0
  8 12  1  0  0  0  0
 11 14  2  0  0  0  0
 12 13  2  0  0  0  0
 13 14  1  0  0  0  0
 10 15  2  0  0  0  0
 15 16  1  0  0  0  0
 16 17  1  0  0  0  0
 17 18  1  0  0  0  0
 20 18  1  0  0  0  0
 18 21  1  0  0  0  0
 19 20  1  0  0  0  0
 19 23  1  0  0  0  0
 21 22  1  0  0  0  0
 22 23  1  0  0  0  0
 23 24  1  0  0  0  0
 24 25  1  0  0  0  0
 25 26  1  0  0  0  0
 14 27  1  0  0  0  0
M  END
