  Mrv1902 01271922172D          

 20 21  0  0  0  0            999 V2000
    0.1722   -0.2048    0.0000 N   0  0  0  0  0  0  0  0  0  0  0  0
    0.1783   -1.0294    0.0000 C   0  0  2  0  0  0  0  0  0  0  0  0
    0.8358    0.2847    0.0000 C   0  0  0  0  0  0  0  0  0  0  0  0
   -0.4984    0.2748    0.0000 C   0  0  0  0  0  0  0  0  0  0  0  0
   -0.4973   -0.5560    0.0000 O   0  0  0  0  0  0  0  0  0  0  0  0
   -0.0806   -1.8218    0.0000 C   0  0  1  0  0  0  0  0  0  0  0  0
    0.5750    1.0670    0.0000 C   0  0  0  0  0  0  0  0  0  0  0  0
    1.6219    0.0357    0.0000 N   0  0  0  0  0  0  0  0  0  0  0  0
   -0.2495    1.0609    0.0000 N   0  0  0  0  0  0  0  0  0  0  0  0
   -1.1567   -1.0334    0.0000 C   0  0  1  0  0  0  0  0  0  0  0  0
   -0.9066   -1.8218    0.0000 C   0  0  1  0  0  0  0  0  0  0  0  0
    0.4044   -2.4886    0.0000 O   0  0  0  0  0  0  0  0  0  0  0  0
    1.0548    1.7378    0.0000 C   0  0  0  0  0  0  0  0  0  0  0  0
   -1.3955   -2.4886    0.0000 O   0  0  0  0  0  0  0  0  0  0  0  0
    1.8756    1.6578    0.0000 N   0  0  0  0  0  0  0  0  0  0  0  0
    0.7138    2.4886    0.0000 O   0  0  0  0  0  0  0  0  0  0  0  0
    0.8912   -1.4485    0.0000 H   0  0  0  0  0  0  0  0  0  0  0  0
   -1.1590   -0.2042    0.0000 C   0  0  0  0  0  0  0  0  0  0  0  0
   -1.8756    0.2036    0.0000 O   0  0  0  0  0  0  0  0  0  0  0  0
   -1.8756   -1.4485    0.0000 H   0  0  0  0  0  0  0  0  0  0  0  0
  2  1  1  0  0  0  0
  1  3  1  0  0  0  0
  1  4  1  0  0  0  0
  2  5  1  0  0  0  0
  2  6  1  0  0  0  0
  3  7  2  0  0  0  0
  3  8  1  0  0  0  0
  4  9  2  0  0  0  0
  5 10  1  0  0  0  0
  6 11  1  0  0  0  0
  6 12  1  6  0  0  0
  7 13  1  0  0  0  0
 11 14  1  6  0  0  0
 13 15  1  0  0  0  0
 13 16  2  0  0  0  0
  7  9  1  0  0  0  0
 10 11  1  0  0  0  0
  2 17  1  6  0  0  0
 10 18  1  0  0  0  0
 18 19  1  0  0  0  0
 10 20  1  6  0  0  0
M  END
