  Mrv1718011281811322D          

 28 30  0  0  0  0            999 V2000
   -4.2315    1.6096    0.0000 C   0  0  0  0  0  0  0  0  0  0  0  0
   -5.0565    1.6096    0.0000 C   0  0  0  0  0  0  0  0  0  0  0  0
   -5.3115    0.8250    0.0000 C   0  0  0  0  0  0  0  0  0  0  0  0
   -4.6440    0.3401    0.0000 O   0  0  0  0  0  0  0  0  0  0  0  0
   -3.9766    0.8250    0.0000 C   0  0  0  0  0  0  0  0  0  0  0  0
   -3.2622    0.4125    0.0000 C   0  0  0  0  0  0  0  0  0  0  0  0
   -2.5477    0.8250    0.0000 N   0  0  0  0  0  0  0  0  0  0  0  0
   -1.8332    0.4125    0.0000 C   0  0  0  0  0  0  0  0  0  0  0  0
   -1.1187    0.8250    0.0000 C   0  0  0  0  0  0  0  0  0  0  0  0
   -0.4043    0.4125    0.0000 C   0  0  0  0  0  0  0  0  0  0  0  0
    0.3101    0.8250    0.0000 N   0  0  0  0  0  0  0  0  0  0  0  0
    1.0246    0.4125    0.0000 C   0  0  0  0  0  0  0  0  0  0  0  0
    2.4536    0.4125    0.0000 C   0  0  0  0  0  0  0  0  0  0  0  0
    1.7391    0.8250    0.0000 N   0  0  0  0  0  0  0  0  0  0  0  0
    1.0246   -0.4125    0.0000 N   0  0  0  0  0  0  0  0  0  0  0  0
    1.7391   -0.8250    0.0000 C   0  0  0  0  0  0  0  0  0  0  0  0
    2.4536   -0.4125    0.0000 C   0  0  0  0  0  0  0  0  0  0  0  0
    3.1680   -0.8250    0.0000 C   0  0  0  0  0  0  0  0  0  0  0  0
    3.8825   -0.4125    0.0000 C   0  0  0  0  0  0  0  0  0  0  0  0
    3.8825    0.4125    0.0000 C   0  0  0  0  0  0  0  0  0  0  0  0
    3.1680    0.8250    0.0000 C   0  0  0  0  0  0  0  0  0  0  0  0
    4.5970    0.8250    0.0000 O   0  0  0  0  0  0  0  0  0  0  0  0
    4.5970   -0.8250    0.0000 O   0  0  0  0  0  0  0  0  0  0  0  0
   -3.2622   -0.4125    0.0000 O   0  0  0  0  0  0  0  0  0  0  0  0
    1.7391   -1.6500    0.0000 N   0  0  0  0  0  0  0  0  0  0  0  0
    5.3115    0.4125    0.0000 C   0  0  0  0  0  0  0  0  0  0  0  0
    5.3115   -0.4125    0.0000 C   0  0  0  0  0  0  0  0  0  0  0  0
    0.3101    1.6500    0.0000 C   0  0  0  0  0  0  0  0  0  0  0  0
  1  2  1  0  0  0  0
  1  5  1  0  0  0  0
  2  3  1  0  0  0  0
  3  4  1  0  0  0  0
  4  5  1  0  0  0  0
  5  6  1  0  0  0  0
  6  7  1  0  0  0  0
  7  8  1  0  0  0  0
  8  9  1  0  0  0  0
  9 10  1  0  0  0  0
 10 11  1  0  0  0  0
 11 12  1  0  0  0  0
 14 12  2  0  0  0  0
 12 15  1  0  0  0  0
 13 14  1  0  0  0  0
 13 17  2  0  0  0  0
 13 21  1  0  0  0  0
 15 16  2  0  0  0  0
 16 17  1  0  0  0  0
 17 18  1  0  0  0  0
 18 19  2  0  0  0  0
 19 20  1  0  0  0  0
 20 21  2  0  0  0  0
 20 22  1  0  0  0  0
 19 23  1  0  0  0  0
  6 24  2  0  0  0  0
 16 25  1  0  0  0  0
 22 26  1  0  0  0  0
 23 27  1  0  0  0  0
 11 28  1  0  0  0  0
M  END
