  Mrv1909 11171900462D          

 10 11  0  0  0  0            999 V2000
    1.3492   -0.8250    0.0000 C   0  0  0  0  0  0  0  0  0  0  0  0
   -0.0797   -0.8250    0.0000 C   0  0  0  0  0  0  0  0  0  0  0  0
   -0.0797    0.0000    0.0000 C   0  0  0  0  0  0  0  0  0  0  0  0
   -0.8643   -1.0799    0.0000 N   0  0  0  0  0  0  0  0  0  0  0  0
   -0.8643    0.2549    0.0000 C   0  0  0  0  0  0  0  0  0  0  0  0
   -1.3492   -0.4125    0.0000 N   0  0  0  0  0  0  0  0  0  0  0  0
    0.6347   -1.2375    0.0000 N   0  0  0  0  0  0  0  0  0  0  0  0
    1.3492    0.0000    0.0000 N   0  0  0  0  0  0  0  0  0  0  0  0
    0.6347    0.4125    0.0000 C   0  0  0  0  0  0  0  0  0  0  0  0
    0.6347    1.2375    0.0000 O   0  0  0  0  0  0  0  0  0  0  0  0
  9  3  1  0  0  0  0
  9  8  2  0  0  0  0
  2  7  1  0  0  0  0
  7  1  2  0  0  0  0
  1  8  1  0  0  0  0
  4  2  1  0  0  0  0
  3  2  2  0  0  0  0
  5  3  1  0  0  0  0
  5  6  2  0  0  0  0
  6  4  1  0  0  0  0
  9 10  1  0  0  0  0
M  END
