  Mrv0541 04191212182D          

 32 34  0  0  1  0            999 V2000
   -0.8250    0.8250    0.0000 C   0  0  1  0  0  0  0  0  0  0  0  0
    0.0000    0.0000    0.0000 N   0  0  0  0  0  0  0  0  0  0  0  0
    0.0000    0.8250    0.0000 C   0  0  2  0  0  0  0  0  0  0  0  0
   -0.8250    0.0000    0.0000 C   0  0  0  0  0  0  0  0  0  0  0  0
    1.2696    0.4125    0.0000 C   0  0  0  0  0  0  0  0  0  0  0  0
    0.7846    1.0800    0.0000 S   0  0  0  0  0  0  0  0  0  0  0  0
    1.9883    0.0076    0.0000 C   0  0  0  0  0  0  0  0  0  0  0  0
    1.9883    0.8175    0.0000 C   0  0  0  0  0  0  0  0  0  0  0  0
   -1.4083   -0.5833    0.0000 O   0  0  0  0  0  0  0  0  0  0  0  0
    0.0000    1.6500    0.0000 H   0  0  0  0  0  0  0  0  0  0  0  0
   -1.5395    1.2375    0.0000 N   0  0  0  0  0  0  0  0  0  0  0  0
   -2.2540    0.8250    0.0000 C   0  0  0  0  0  0  0  0  0  0  0  0
   -2.9684    1.2375    0.0000 N   0  0  0  0  0  0  0  0  0  0  0  0
   -3.6501    0.7728    0.0000 C   0  0  0  0  0  0  0  0  0  0  0  0
   -2.9068    2.0602    0.0000 C   0  0  0  0  0  0  0  0  0  0  0  0
   -3.5116    2.6213    0.0000 C   0  0  0  0  0  0  0  0  0  0  0  0
   -4.4384    1.0159    0.0000 C   0  0  0  0  0  0  0  0  0  0  0  0
   -4.3273    2.4984    0.0000 C   0  0  0  0  0  0  0  0  0  0  0  0
   -4.7398    1.7839    0.0000 C   0  0  0  0  0  0  0  0  0  0  0  0
   -2.2540    0.0000    0.0000 H   0  0  0  0  0  0  0  0  0  0  0  0
    3.6425   -1.0799    0.0000 C   0  0  0  0  0  0  0  0  0  0  0  0
    4.3570   -1.4924    0.0000 C   0  0  0  0  0  0  0  0  0  0  0  0
    2.9280   -1.4924    0.0000 O   0  0  0  0  0  0  0  0  0  0  0  0
    2.2135   -1.0799    0.0000 C   0  0  0  0  0  0  0  0  0  0  0  0
    3.6425   -0.2549    0.0000 O   0  0  0  0  0  0  0  0  0  0  0  0
    5.0714   -1.0799    0.0000 C   0  0  0  0  0  0  0  0  0  0  0  0
    4.3570   -2.3174    0.0000 C   0  0  0  0  0  0  0  0  0  0  0  0
    0.7846   -0.2549    0.0000 C   0  0  2  0  0  0  0  0  0  0  0  0
    0.7846   -1.0799    0.0000 C   0  0  0  0  0  0  0  0  0  0  0  0
    1.4991   -1.4924    0.0000 O   0  0  0  0  0  0  0  0  0  0  0  0
    0.0700   -1.4923    0.0000 O   0  0  0  0  0  0  0  0  0  0  0  0
    5.0714   -1.9049    0.0000 C   0  0  0  0  0  0  0  0  0  0  0  0
  3  1  1  0  0  0  0
  1  4  1  0  0  0  0
  4  2  1  0  0  0  0
 28  2  1  0  0  0  0
  3  2  1  0  0  0  0
  3  6  1  0  0  0  0
  9  4  2  0  0  0  0
  5 28  1  0  0  0  0
  6  5  1  0  0  0  0
  7  5  1  0  0  0  0
  8  5  1  0  0  0  0
  3 10  1  6  0  0  0
  1 11  1  1  0  0  0
 12 11  2  0  0  0  0
 13 12  1  0  0  0  0
 14 13  1  0  0  0  0
 15 13  1  0  0  0  0
 17 14  1  0  0  0  0
 16 15  1  0  0  0  0
 18 16  1  0  0  0  0
 19 17  1  0  0  0  0
 19 18  1  0  0  0  0
 12 20  1  4  0  0  0
 23 21  1  0  0  0  0
 22 21  1  0  0  0  0
 25 21  2  0  0  0  0
 26 22  1  0  0  0  0
 27 22  1  0  0  0  0
 24 30  1  0  0  0  0
 24 23  1  0  0  0  0
 28 29  1  6  0  0  0
 30 29  1  0  0  0  0
 31 29  2  0  0  0  0
 22 32  1  0  0  0  0
M  END
