
  Mrv1718008081814082D          

 28 29  0  0  0  0            999 V2000
   -0.7110   -0.6902    0.0000 C   0  0  0  0  0  0  0  0  0  0  0  0
    0.0000   -1.1085    0.0000 C   0  0  0  0  0  0  0  0  0  0  0  0
   -1.4221   -1.1085    0.0000 C   0  0  0  0  0  0  0  0  0  0  0  0
   -0.7110    0.7320    0.0000 C   0  0  0  0  0  0  0  0  0  0  0  0
    0.0000   -1.9451    0.0000 C   0  0  0  0  0  0  0  0  0  0  0  0
    0.7110   -0.6902    0.0000 C   0  0  0  0  0  0  0  0  0  0  0  0
   -1.4221   -1.9451    0.0000 C   0  0  0  0  0  0  0  0  0  0  0  0
   -2.1333   -0.7320    0.0000 C   0  0  0  0  0  0  0  0  0  0  0  0
    0.0000    1.1503    0.0000 C   0  0  0  0  0  0  0  0  0  0  0  0
   -1.4221    1.1503    0.0000 C   0  0  0  0  0  0  0  0  0  0  0  0
   -0.7110   -2.3633    0.0000 N   0  0  0  0  0  0  0  0  0  0  0  0
    0.7110   -2.3633    0.0000 C   0  0  0  0  0  0  0  0  0  0  0  0
    1.4221   -1.1085    0.0000 O   0  0  0  0  0  0  0  0  0  0  0  0
    0.7110    0.1045    0.0000 O   0  0  0  0  0  0  0  0  0  0  0  0
   -2.1333   -2.3633    0.0000 C   0  0  0  0  0  0  0  0  0  0  0  0
   -2.8444   -1.1085    0.0000 O   0  0  0  0  0  0  0  0  0  0  0  0
   -2.1333    0.1045    0.0000 O   0  0  0  0  0  0  0  0  0  0  0  0
    0.0000    1.9450    0.0000 C   0  0  0  0  0  0  0  0  0  0  0  0
    0.7110    0.7320    0.0000 Cl  0  0  0  0  0  0  0  0  0  0  0  0
   -1.4221    1.9450    0.0000 C   0  0  0  0  0  0  0  0  0  0  0  0
    1.4221   -1.9451    0.0000 O   0  0  0  0  0  0  0  0  0  0  0  0
    2.1332   -0.6902    0.0000 C   0  0  0  0  0  0  0  0  0  0  0  0
   -3.5554   -0.7320    0.0000 C   0  0  0  0  0  0  0  0  0  0  0  0
   -0.7110    2.3633    0.0000 C   0  0  0  0  0  0  0  0  0  0  0  0
    2.1332   -2.3633    0.0000 C   0  0  0  0  0  0  0  0  0  0  0  0
    2.8443   -1.1085    0.0000 C   0  0  0  0  0  0  0  0  0  0  0  0
    2.8443   -1.9451    0.0000 C   0  0  0  0  0  0  0  0  0  0  0  0
    3.5554   -2.3633    0.0000 N   0  0  0  0  0  0  0  0  0  0  0  0
  1  2  1  0  0  0  0
  1  3  1  0  0  0  0
  1  4  1  0  0  0  0
  2  5  2  0  0  0  0
  2  6  1  0  0  0  0
  3  7  2  0  0  0  0
  3  8  1  0  0  0  0
  4  9  1  0  0  0  0
  4 10  2  0  0  0  0
  5 11  1  0  0  0  0
  5 12  1  0  0  0  0
  6 13  1  0  0  0  0
  6 14  2  0  0  0  0
  7 15  1  0  0  0  0
  8 16  1  0  0  0  0
  8 17  2  0  0  0  0
  9 18  2  0  0  0  0
  9 19  1  0  0  0  0
 10 20  1  0  0  0  0
 12 21  1  0  0  0  0
 13 22  1  0  0  0  0
 16 23  1  0  0  0  0
 18 24  1  0  0  0  0
 21 25  1  0  0  0  0
 22 26  1  0  0  0  0
 25 27  1  0  0  0  0
 27 28  1  0  0  0  0
  7 11  1  0  0  0  0
 20 24  2  0  0  0  0
M  END
