asulacrine
  CDK     0223171739
null
 33 36  0  0  0  0  0  0  0  0999 V2000
    1.0666   -2.3993    0.0000 N   0  0  0  0  0  0  0  0  0  0  0  0
    1.0666   -3.2243    0.0000 C   0  0  0  0  0  0  0  0  0  0  0  0
    0.3521   -1.9858    0.0000 C   0  0  0  0  0  0  0  0  0  0  0  0
    1.7790   -3.6358    0.0000 C   0  0  0  0  0  0  0  0  0  0  0  0
    0.3501   -3.6358    0.0000 C   0  0  0  0  0  0  0  0  0  0  0  0
    0.3521   -1.1628    0.0000 C   0  0  0  0  0  0  0  0  0  0  0  0
   -0.3623   -2.3993    0.0000 C   0  0  0  0  0  0  0  0  0  0  0  0
    1.7790   -4.4608    0.0000 C   0  0  0  0  0  0  0  0  0  0  0  0
    2.4955   -3.2243    0.0000 C   0  0  0  0  0  0  0  0  0  0  0  0
    0.3501   -4.4608    0.0000 C   0  0  0  0  0  0  0  0  0  0  0  0
   -0.3623   -3.2243    0.0000 C   0  0  0  0  0  0  0  0  0  0  0  0
    1.0748   -0.7636    0.0000 O   0  0  0  0  0  0  0  0  0  0  0  0
   -0.3623   -0.7493    0.0000 C   0  0  0  0  0  0  0  0  0  0  0  0
   -1.0768   -1.9878    0.0000 C   0  0  0  0  0  0  0  0  0  0  0  0
    2.4955   -4.8743    0.0000 C   0  0  0  0  0  0  0  0  0  0  0  0
    1.0666   -4.8743    0.0000 N   0  0  0  0  0  0  0  0  0  0  0  0
    3.2100   -3.6358    0.0000 C   0  0  0  0  0  0  0  0  0  0  0  0
   -0.3623   -4.8743    0.0000 C   0  0  0  0  0  0  0  0  0  0  0  0
   -1.0789   -3.6358    0.0000 C   0  0  0  0  0  0  0  0  0  0  0  0
    1.7892   -1.1751    0.0000 C   0  0  0  0  0  0  0  0  0  0  0  0
   -1.0768   -1.1607    0.0000 C   0  0  0  0  0  0  0  0  0  0  0  0
    2.4955   -5.6993    0.0000 C   0  0  0  0  0  0  0  0  0  0  0  0
    3.2100   -4.4608    0.0000 C   0  0  0  0  0  0  0  0  0  0  0  0
   -0.3623   -5.6993    0.0000 C   0  0  0  0  0  0  0  0  0  0  0  0
   -1.0789   -4.4608    0.0000 C   0  0  0  0  0  0  0  0  0  0  0  0
   -1.7913   -0.7493    0.0000 N   0  0  0  0  0  0  0  0  0  0  0  0
    1.7810   -6.1108    0.0000 N   0  0  0  0  0  0  0  0  0  0  0  0
    3.2100   -6.1108    0.0000 O   0  0  0  0  0  0  0  0  0  0  0  0
   -2.5057   -1.1607    0.0000 S   0  0  0  0  0  0  0  0  0  0  0  0
    1.0666   -5.6993    0.0000 C   0  0  0  0  0  0  0  0  0  0  0  0
   -3.2120   -0.7370    0.0000 C   0  0  0  0  0  0  0  0  0  0  0  0
   -2.9172   -1.8752    0.0000 O   0  0  0  0  0  0  0  0  0  0  0  0
   -2.0922   -1.8752    0.0000 O   0  0  0  0  0  0  0  0  0  0  0  0
  1  2  1  0  0  0  0 
  1  3  1  0  0  0  0 
  2  4  2  0  0  0  0 
  2  5  1  0  0  0  0 
  3  6  2  0  0  0  0 
  3  7  1  0  0  0  0 
  4  8  1  0  0  0  0 
  4  9  1  0  0  0  0 
  5 10  1  0  0  0  0 
  5 11  2  0  0  0  0 
  6 12  1  0  0  0  0 
  6 13  1  0  0  0  0 
  7 14  2  0  0  0  0 
  8 15  1  0  0  0  0 
  8 16  2  0  0  0  0 
  9 17  2  0  0  0  0 
 10 16  1  0  0  0  0 
 10 18  2  0  0  0  0 
 11 19  1  0  0  0  0 
 12 20  1  0  0  0  0 
 13 21  2  0  0  0  0 
 14 21  1  0  0  0  0 
 15 22  1  0  0  0  0 
 15 23  2  0  0  0  0 
 17 23  1  0  0  0  0 
 18 24  1  0  0  0  0 
 18 25  1  0  0  0  0 
 19 25  2  0  0  0  0 
 21 26  1  0  0  0  0 
 22 27  1  0  0  0  0 
 22 28  2  0  0  0  0 
 26 29  1  0  0  0  0 
 27 30  1  0  0  0  0 
 29 31  1  0  0  0  0 
 29 32  2  0  0  0  0 
 29 33  2  0  0  0  0 
M  END
