
  Mrv1718010121816152D          

 51 53  0  0  0  0            999 V2000
   -6.0730   -0.6312    0.0000 C   0  0  0  0  0  0  0  0  0  0  0  0
    0.3571   -1.0437    0.0000 C   0  0  0  0  0  0  0  0  0  0  0  0
   -5.3585   -1.0437    0.0000 O   0  0  0  0  0  0  0  0  0  0  0  0
   -4.6441   -0.6312    0.0000 C   0  0  0  0  0  0  0  0  0  0  0  0
   -4.6441    0.1937    0.0000 O   0  0  0  0  0  0  0  0  0  0  0  0
   -2.5006   -1.0437    0.0000 C   0  0  0  0  0  0  0  0  0  0  0  0
   -2.5006   -1.8687    0.0000 O   0  0  0  0  0  0  0  0  0  0  0  0
   -3.9296   -1.0437    0.0000 N   0  0  0  0  0  0  0  0  0  0  0  0
   -1.7862   -0.6312    0.0000 N   0  0  0  0  0  0  0  0  0  0  0  0
    1.7861   -1.0437    0.0000 N   0  0  0  0  0  0  0  0  0  0  0  0
    3.9296   -0.6312    0.0000 N   0  0  0  0  0  0  0  0  0  0  0  0
    6.0729   -1.0437    0.0000 C   0  0  0  0  0  0  0  0  0  0  0  0
    5.3584   -0.6312    0.0000 O   0  0  0  0  0  0  0  0  0  0  0  0
    4.6440   -1.0437    0.0000 C   0  0  0  0  0  0  0  0  0  0  0  0
    4.6440   -1.8687    0.0000 O   0  0  0  0  0  0  0  0  0  0  0  0
    2.5006   -0.6312    0.0000 C   0  0  0  0  0  0  0  0  0  0  0  0
    2.5006    0.1937    0.0000 O   0  0  0  0  0  0  0  0  0  0  0  0
   -0.3572   -0.6312    0.0000 C   0  0  1  0  0  0  0  0  0  0  0  0
   -3.2151   -0.6312    0.0000 C   0  0  1  0  0  0  0  0  0  0  0  0
    3.2150   -1.0437    0.0000 C   0  0  2  0  0  0  0  0  0  0  0  0
   -1.0717   -1.0437    0.0000 C   0  0  2  0  0  0  0  0  0  0  0  0
   -0.3572    0.1937    0.0000 O   0  0  0  0  0  0  0  0  0  0  0  0
   -1.0717   -1.8687    0.0000 C   0  0  0  0  0  0  0  0  0  0  0  0
   -0.3572   -2.2812    0.0000 C   0  0  0  0  0  0  0  0  0  0  0  0
    0.3571   -1.8687    0.0000 C   0  0  0  0  0  0  0  0  0  0  0  0
   -0.3572   -3.1063    0.0000 C   0  0  0  0  0  0  0  0  0  0  0  0
    0.3571   -3.5188    0.0000 C   0  0  0  0  0  0  0  0  0  0  0  0
    1.0716   -3.1063    0.0000 C   0  0  0  0  0  0  0  0  0  0  0  0
    1.0716   -2.2812    0.0000 C   0  0  0  0  0  0  0  0  0  0  0  0
    1.0716   -0.6312    0.0000 N   0  0  0  0  0  0  0  0  0  0  0  0
    1.0716    0.6312    0.0000 C   0  0  0  0  0  0  0  0  0  0  0  0
    1.7861    1.0437    0.0000 C   0  0  0  0  0  0  0  0  0  0  0  0
    2.5005    2.2813    0.0000 C   0  0  0  0  0  0  0  0  0  0  0  0
    1.7861    1.8687    0.0000 C   0  0  0  0  0  0  0  0  0  0  0  0
    2.5005    0.6311    0.0000 C   0  0  0  0  0  0  0  0  0  0  0  0
    3.2150    1.0437    0.0000 C   0  0  0  0  0  0  0  0  0  0  0  0
    3.2150    1.8687    0.0000 C   0  0  0  0  0  0  0  0  0  0  0  0
    3.9296    2.2813    0.0000 C   0  0  0  0  0  0  0  0  0  0  0  0
    4.6439    3.5188    0.0000 C   0  0  0  0  0  0  0  0  0  0  0  0
    3.9296    3.1062    0.0000 C   0  0  0  0  0  0  0  0  0  0  0  0
    5.3584    2.2813    0.0000 C   0  0  0  0  0  0  0  0  0  0  0  0
    5.3584    3.1062    0.0000 C   0  0  0  0  0  0  0  0  0  0  0  0
    4.6439    1.8687    0.0000 N   0  0  0  0  0  0  0  0  0  0  0  0
    3.2150   -1.8687    0.0000 C   0  0  0  0  0  0  0  0  0  0  0  0
   -3.2151    0.1937    0.0000 C   0  0  0  0  0  0  0  0  0  0  0  0
   -2.5006    0.6062    0.0000 C   0  0  0  0  0  0  0  0  0  0  0  0
   -3.9296    0.6062    0.0000 C   0  0  0  0  0  0  0  0  0  0  0  0
   -3.2151    1.0188    0.0000 C   0  0  0  0  0  0  0  0  0  0  0  0
    3.9294   -2.2812    0.0000 C   0  0  0  0  0  0  0  0  0  0  0  0
    2.5005   -2.2812    0.0000 C   0  0  0  0  0  0  0  0  0  0  0  0
    3.2150   -2.6937    0.0000 C   0  0  0  0  0  0  0  0  0  0  0  0
  1  3  1  0  0  0  0
  3  4  1  0  0  0  0
  4  8  1  0  0  0  0
  8 19  1  0  0  0  0
 19  6  1  0  0  0  0
  6  9  1  0  0  0  0
  9 21  1  0  0  0  0
 21 18  1  0  0  0  0
 18  2  1  0  0  0  0
  2 30  1  0  0  0  0
 30 10  1  0  0  0  0
 10 16  1  0  0  0  0
 16 20  1  0  0  0  0
  4  5  2  0  0  0  0
  6  7  2  0  0  0  0
 20 11  1  0  0  0  0
 11 14  1  0  0  0  0
 14 13  1  0  0  0  0
 13 12  1  0  0  0  0
 14 15  2  0  0  0  0
 16 17  2  0  0  0  0
 18 22  1  1  0  0  0
 21 23  1  6  0  0  0
 23 24  1  0  0  0  0
 25 24  2  0  0  0  0
 24 26  1  0  0  0  0
 25 29  1  0  0  0  0
 26 27  2  0  0  0  0
 27 28  1  0  0  0  0
 28 29  2  0  0  0  0
 30 31  1  0  0  0  0
 31 32  1  0  0  0  0
 34 32  2  0  0  0  0
 32 35  1  0  0  0  0
 33 34  1  0  0  0  0
 33 37  2  0  0  0  0
 35 36  2  0  0  0  0
 36 37  1  0  0  0  0
 37 38  1  0  0  0  0
 40 38  2  0  0  0  0
 38 43  1  0  0  0  0
 39 40  1  0  0  0  0
 39 42  2  0  0  0  0
 43 41  2  0  0  0  0
 41 42  1  0  0  0  0
 20 44  1  1  0  0  0
 19 45  1  1  0  0  0
 45 46  1  0  0  0  0
 45 47  1  0  0  0  0
 45 48  1  0  0  0  0
 44 49  1  0  0  0  0
 44 50  1  0  0  0  0
 44 51  1  0  0  0  0
M  END
