
  Mrv1909 11041923312D          

 26 29  0  0  0  0            999 V2000
   -1.0719   -0.4145    0.0000 C   0  0  0  0  0  0  0  0  0  0  0  0
   -1.0629   -1.2392    0.0000 C   0  0  0  0  0  0  0  0  0  0  0  0
   -1.7866   -0.0023    0.0000 C   0  0  0  0  0  0  0  0  0  0  0  0
   -1.7775   -1.6608    0.0000 C   0  0  0  0  0  0  0  0  0  0  0  0
   -2.4968   -0.4238    0.0000 C   0  0  0  0  0  0  0  0  0  0  0  0
   -2.4968   -1.2484    0.0000 C   0  0  0  0  0  0  0  0  0  0  0  0
   -0.3619   -0.0023    0.0000 C   0  0  2  0  0  0  0  0  0  0  0  0
   -1.7912    0.8223    0.0000 O   0  0  0  0  0  0  0  0  0  0  0  0
   -1.7775   -2.4853    0.0000 O   0  0  0  0  0  0  0  0  0  0  0  0
    1.7821    1.2392    0.0000 C   0  0  0  0  0  0  0  0  0  0  0  0
   -0.3481   -1.6515    0.0000 O   0  0  0  0  0  0  0  0  0  0  0  0
    1.0629    0.8268    0.0000 C   0  0  1  0  0  0  0  0  0  0  0  0
   -0.3619    0.8223    0.0000 C   0  0  0  0  0  0  0  0  0  0  0  0
    0.3574   -0.4100    0.0000 C   0  0  0  0  0  0  0  0  0  0  0  0
    1.0720    0.0022    0.0000 C   0  0  0  0  0  0  0  0  0  0  0  0
    0.3527    1.2392    0.0000 C   0  0  0  0  0  0  0  0  0  0  0  0
    2.4968    0.8268    0.0000 C   0  0  0  0  0  0  0  0  0  0  0  0
    1.7775    2.0592    0.0000 C   0  0  0  0  0  0  0  0  0  0  0  0
    3.2068    2.0637    0.0000 C   0  0  0  0  0  0  0  0  0  0  0  0
    2.4877    2.4761    0.0000 C   0  0  0  0  0  0  0  0  0  0  0  0
    3.2068    1.2392    0.0000 C   0  0  0  0  0  0  0  0  0  0  0  0
    3.9215    2.4853    0.0000 Cl  0  0  0  0  0  0  0  0  0  0  0  0
   -3.2114   -0.0115    0.0000 C   0  0  0  0  0  0  0  0  0  0  0  0
   -3.2114   -1.6653    0.0000 C   0  0  0  0  0  0  0  0  0  0  0  0
   -3.9215   -0.4238    0.0000 C   0  0  0  0  0  0  0  0  0  0  0  0
   -3.9215   -1.2529    0.0000 C   0  0  0  0  0  0  0  0  0  0  0  0
  2  1  2  0  0  0  0
  3  1  1  0  0  0  0
  4  2  1  0  0  0  0
  5  3  1  0  0  0  0
  6  5  1  0  0  0  0
  7  1  1  6  0  0  0
  8  3  2  0  0  0  0
  9  4  2  0  0  0  0
 12 10  1  1  0  0  0
 11  2  1  0  0  0  0
 12 15  1  0  0  0  0
 13  7  1  0  0  0  0
 14  7  1  0  0  0  0
 15 14  1  0  0  0  0
 16 13  1  0  0  0  0
 17 10  2  0  0  0  0
 18 10  1  0  0  0  0
 19 20  1  0  0  0  0
 20 18  2  0  0  0  0
 21 17  1  0  0  0  0
 22 19  1  0  0  0  0
 23  5  2  0  0  0  0
 24  6  2  0  0  0  0
 25 23  1  0  0  0  0
 26 25  2  0  0  0  0
 16 12  1  0  0  0  0
  6  4  1  0  0  0  0
 26 24  1  0  0  0  0
 21 19  2  0  0  0  0
M  END
