151140-66-8.MOL
  ChemDraw12311918402D

 32 35  0  0  0  0  0  0  0  0999 V2000
    0.5436   -2.2802    0.0000 N   0  0  0  0  0  0  0  0  0  0  0  0
    0.0587   -1.6127    0.0000 C   0  0  0  0  0  0  0  0  0  0  0  0
    0.5436   -0.9453    0.0000 C   0  0  0  0  0  0  0  0  0  0  0  0
    1.3282   -1.2002    0.0000 C   0  0  0  0  0  0  0  0  0  0  0  0
    2.0427   -0.7877    0.0000 C   0  0  0  0  0  0  0  0  0  0  0  0
    2.7572   -1.2002    0.0000 C   0  0  0  0  0  0  0  0  0  0  0  0
    2.7572   -2.0252    0.0000 C   0  0  0  0  0  0  0  0  0  0  0  0
    2.0427   -2.4377    0.0000 C   0  0  0  0  0  0  0  0  0  0  0  0
    1.3282   -2.0252    0.0000 C   0  0  0  0  0  0  0  0  0  0  0  0
    3.4717   -0.7877    0.0000 C   0  0  0  0  0  0  0  0  0  0  0  0
    4.1861   -1.2002    0.0000 S   0  0  0  0  0  0  0  0  0  0  0  0
    3.7736   -1.9147    0.0000 O   0  0  0  0  0  0  0  0  0  0  0  0
    4.5986   -0.4858    0.0000 O   0  0  0  0  0  0  0  0  0  0  0  0
    4.9006   -1.6127    0.0000 N   0  0  0  0  0  0  0  0  0  0  0  0
    5.6151   -1.2002    0.0000 C   0  0  0  0  0  0  0  0  0  0  0  0
    0.2887   -0.1607    0.0000 C   0  0  0  0  0  0  0  0  0  0  0  0
   -0.5183    0.0109    0.0000 C   0  0  0  0  0  0  0  0  0  0  0  0
   -0.7732    0.7955    0.0000 C   0  0  0  0  0  0  0  0  0  0  0  0
   -1.5802    0.9670    0.0000 N   0  0  0  0  0  0  0  0  0  0  0  0
   -2.1322    0.3539    0.0000 C   0  0  0  0  0  0  0  0  0  0  0  0
   -2.9392    0.5254    0.0000 C   0  0  0  0  0  0  0  0  0  0  0  0
   -3.1941    1.3101    0.0000 N   0  0  0  0  0  0  0  0  0  0  0  0
   -2.6421    1.9232    0.0000 C   0  0  0  0  0  0  0  0  0  0  0  0
   -1.8351    1.7516    0.0000 C   0  0  0  0  0  0  0  0  0  0  0  0
   -5.0630    2.4377    0.0000 C   0  0  0  0  0  0  0  0  0  0  0  0
   -4.2561    2.2662    0.0000 N   0  0  0  0  0  0  0  0  0  0  0  0
   -4.0011    1.4816    0.0000 C   0  0  0  0  0  0  0  0  0  0  0  0
   -4.5532    0.8685    0.0000 C   0  0  0  0  0  0  0  0  0  0  0  0
   -5.3601    1.0400    0.0000 C   0  0  0  0  0  0  0  0  0  0  0  0
   -5.6151    1.8246    0.0000 N   0  0  0  0  0  0  0  0  0  0  0  0
   -4.2982    0.0839    0.0000 O   0  0  0  0  0  0  0  0  0  0  0  0
   -4.8816   -0.4995    0.0000 C   0  0  0  0  0  0  0  0  0  0  0  0
  1  2  1  0      
  2  3  2  0      
  3  4  1  0      
  4  5  1  0      
  5  6  2  0      
  6  7  1  0      
  7  8  2  0      
  8  9  1  0      
  1  9  1  0      
  4  9  2  0      
 11 12  2  0      
 11 13  2  0      
 11 14  1  0      
 10 11  1  0      
  6 10  1  0      
 14 15  1  0      
 16 17  1  0      
 17 18  1  0      
 19 20  1  0      
 20 21  1  0      
 21 22  1  0      
 22 23  1  0      
 23 24  1  0      
 19 24  1  0      
 25 26  2  0      
 26 27  1  0      
 27 28  2  0      
 28 29  1  0      
 29 30  2  0      
 25 30  1  0      
 31 32  1  0      
 28 31  1  0      
 22 27  1  0      
 18 19  1  0      
  3 16  1  0      
M  END
