767
  Mrv0541 02231214592D          

 29 31  0  0  1  0            999 V2000
    2.3660    0.6201    0.0000 O   0  0  0  0  0  0  0  0  0  0  0  0
    1.6500   -0.6601    0.0000 O   0  0  0  0  0  0  0  0  0  0  0  0
    6.0029    2.7198    0.0000 O   0  0  0  0  0  0  0  0  0  0  0  0
    7.4663    1.8748    0.0000 O   0  0  0  0  0  0  0  0  0  0  0  0
    3.0853    1.8548    0.0000 O   0  0  0  0  0  0  0  0  0  0  0  0
    4.5639   -0.6374    0.0000 N   0  0  0  0  0  0  0  0  0  0  0  0
    2.3692   -1.8948    0.0000 N   0  0  0  0  0  0  0  0  0  0  0  0
    4.5639    0.1876    0.0000 C   0  0  0  0  0  0  0  0  0  0  0  0
    3.0789   -0.6546    0.0000 C   0  0  0  0  0  0  0  0  0  0  0  0
    3.8264    0.6287    0.0000 C   0  0  0  0  0  0  0  0  0  0  0  0
    3.0789    0.2048    0.0000 C   0  0  0  0  0  0  0  0  0  0  0  0
    3.8264   -1.0784    0.0000 C   0  0  0  0  0  0  0  0  0  0  0  0
    5.2784   -1.0499    0.0000 C   0  0  0  0  0  0  0  0  0  0  0  0
    5.2784    0.6001    0.0000 C   0  0  0  0  0  0  0  0  0  0  0  0
    5.9929   -0.6374    0.0000 C   0  0  0  0  0  0  0  0  0  0  0  0
    5.9929    0.1876    0.0000 C   0  0  0  0  0  0  0  0  0  0  0  0
    2.3660   -1.0698    0.0000 C   0  0  0  0  0  0  0  0  0  0  0  0
    5.2651    1.4593    0.0000 C   0  0  0  0  0  0  0  0  0  0  0  0
    6.7436    0.6058    0.0000 C   0  0  0  0  0  0  0  0  0  0  0  0
    6.0060    1.8948    0.0000 C   0  0  0  0  0  0  0  0  0  0  0  0
    6.7502    1.4651    0.0000 C   0  0  0  0  0  0  0  0  0  0  0  0
    1.6564   -2.3100    0.0000 C   0  0  0  0  0  0  0  0  0  0  0  0
    3.0853   -2.3046    0.0000 C   0  0  0  0  0  0  0  0  0  0  0  0
    2.3692    1.4451    0.0000 C   0  0  0  0  0  0  0  0  0  0  0  0
    1.6596   -3.1350    0.0000 C   0  0  0  0  0  0  0  0  0  0  0  0
    3.0885   -3.1296    0.0000 C   0  0  0  0  0  0  0  0  0  0  0  0
    1.6564    1.8603    0.0000 C   0  0  0  0  0  0  0  0  0  0  0  0
    6.7157    3.1350    0.0000 C   0  0  0  0  0  0  0  0  0  0  0  0
    8.1792    1.4596    0.0000 C   0  0  0  0  0  0  0  0  0  0  0  0
  1 11  1  0  0  0  0
  1 24  1  0  0  0  0
  2 17  2  0  0  0  0
  3 20  1  0  0  0  0
  3 28  1  0  0  0  0
  4 21  1  0  0  0  0
  4 29  1  0  0  0  0
  5 24  2  0  0  0  0
  6  8  1  0  0  0  0
  6 12  1  0  0  0  0
  6 13  1  0  0  0  0
  7 17  1  0  0  0  0
  7 22  1  0  0  0  0
  7 23  1  0  0  0  0
  8 10  1  0  0  0  0
  8 14  1  0  0  0  0
  9 11  1  0  0  0  0
  9 12  1  0  0  0  0
  9 17  1  0  0  0  0
 10 11  1  0  0  0  0
 13 15  1  0  0  0  0
 14 16  1  0  0  0  0
 14 18  2  0  0  0  0
 15 16  1  0  0  0  0
 16 19  2  0  0  0  0
 18 20  1  0  0  0  0
 19 21  1  0  0  0  0
 20 21  2  0  0  0  0
 22 25  1  0  0  0  0
 23 26  1  0  0  0  0
 24 27  1  0  0  0  0
M  END
