
  Mrv1718001081909102D          

 23 26  0  0  0  0            999 V2000
   -0.3611   -0.3548    0.0000 C   0  0  0  0  0  0  0  0  0  0  0  0
   -1.0876    0.0585    0.0000 C   0  0  0  0  0  0  0  0  0  0  0  0
   -1.8016   -0.3548    0.0000 C   0  0  0  0  0  0  0  0  0  0  0  0
    0.0522    0.3674    0.0000 C   0  0  0  0  0  0  0  0  0  0  0  0
   -2.5156    0.0585    0.0000 C   0  0  0  0  0  0  0  0  0  0  0  0
    1.2797    1.0813    0.0000 N   0  0  0  0  0  0  0  0  0  0  0  0
   -2.5156    0.8809    0.0000 C   0  0  0  0  0  0  0  0  0  0  0  0
   -1.0876    0.8726    0.0000 C   0  0  0  0  0  0  0  0  0  0  0  0
   -1.8016    1.2943    0.0000 C   0  0  0  0  0  0  0  0  0  0  0  0
   -2.1398    0.4843    0.0000 C   0  0  0  0  0  0  0  0  0  0  0  0
   -0.7745   -1.0855    0.0000 C   0  0  0  0  0  0  0  0  0  0  0  0
    0.8663    0.3674    0.0000 C   0  0  0  0  0  0  0  0  0  0  0  0
    0.3528   -0.7682    0.0000 O   0  0  0  0  0  0  0  0  0  0  0  0
    0.8663    1.7995    0.0000 C   0  0  0  0  0  0  0  0  0  0  0  0
    2.1022    1.0688    0.0000 C   0  0  0  0  0  0  0  0  0  0  0  0
   -0.3737   -1.7995    0.0000 C   0  0  0  0  0  0  0  0  0  0  0  0
   -1.5928   -1.0730    0.0000 C   0  0  0  0  0  0  0  0  0  0  0  0
    2.5156    1.7827    0.0000 C   0  0  0  0  0  0  0  0  0  0  0  0
    1.2797    2.5093    0.0000 C   0  0  0  0  0  0  0  0  0  0  0  0
   -2.0270   -1.7995    0.0000 C   0  0  0  0  0  0  0  0  0  0  0  0
   -0.7745   -2.5093    0.0000 C   0  0  0  0  0  0  0  0  0  0  0  0
   -1.6012   -2.5093    0.0000 C   0  0  0  0  0  0  0  0  0  0  0  0
    2.1022    2.5093    0.0000 C   0  0  0  0  0  0  0  0  0  0  0  0
  2  1  1  0  0  0  0
  3  2  1  0  0  0  0
  4  1  1  0  0  0  0
  5  3  1  0  0  0  0
  6 12  1  0  0  0  0
  7  9  1  0  0  0  0
  8  2  1  0  0  0  0
  9  8  1  0  0  0  0
 10  3  1  0  0  0  0
 11  1  1  0  0  0  0
 12  4  1  0  0  0  0
 13  1  1  0  0  0  0
 14  6  1  0  0  0  0
 15  6  1  0  0  0  0
 16 11  2  0  0  0  0
 17 11  1  0  0  0  0
 18 15  1  0  0  0  0
 19 14  1  0  0  0  0
 20 17  2  0  0  0  0
 21 16  1  0  0  0  0
 22 20  1  0  0  0  0
 23 18  1  0  0  0  0
  9 10  1  0  0  0  0
 21 22  2  0  0  0  0
  5  7  2  0  0  0  0
 19 23  1  0  0  0  0
M  END
