
  Mrv1718012311811272D          

 23 23  0  0  0  0            999 V2000
   -1.7861    0.8250    0.0000 C   0  0  0  0  0  0  0  0  0  0  0  0
   -2.5006    0.4125    0.0000 C   0  0  0  0  0  0  0  0  0  0  0  0
   -2.5006   -0.4125    0.0000 C   0  0  0  0  0  0  0  0  0  0  0  0
   -1.7861   -0.8250    0.0000 C   0  0  0  0  0  0  0  0  0  0  0  0
   -1.0717   -0.4125    0.0000 C   0  0  0  0  0  0  0  0  0  0  0  0
   -1.0717    0.4125    0.0000 C   0  0  0  0  0  0  0  0  0  0  0  0
   -1.7861    1.6500    0.0000 O   0  0  0  0  0  0  0  0  0  0  0  0
   -1.7861   -1.6500    0.0000 C   0  0  0  0  0  0  0  0  0  0  0  0
   -1.0717    2.0625    0.0000 C   0  0  0  0  0  0  0  0  0  0  0  0
   -0.3572    1.6500    0.0000 C   0  0  0  0  0  0  0  0  0  0  0  0
    0.3572    2.0625    0.0000 C   0  0  0  0  0  0  0  0  0  0  0  0
    1.0717    1.6500    0.0000 N   0  0  0  0  0  0  0  0  0  0  0  0
    1.7861    2.0625    0.0000 C   0  0  0  0  0  0  0  0  0  0  0  0
    2.5006    1.6500    0.0000 C   0  0  0  0  0  0  0  0  0  0  0  0
    1.7861    2.8875    0.0000 C   0  0  0  0  0  0  0  0  0  0  0  0
   -1.0717   -2.0625    0.0000 O   0  0  0  0  0  0  0  0  0  0  0  0
   -0.3572   -1.6500    0.0000 C   0  0  0  0  0  0  0  0  0  0  0  0
    0.3572   -2.0625    0.0000 C   0  0  0  0  0  0  0  0  0  0  0  0
    1.0717   -1.6500    0.0000 O   0  0  0  0  0  0  0  0  0  0  0  0
    1.7861   -2.0625    0.0000 C   0  0  0  0  0  0  0  0  0  0  0  0
    2.5006   -1.6500    0.0000 C   0  0  0  0  0  0  0  0  0  0  0  0
    1.7861   -2.8875    0.0000 C   0  0  0  0  0  0  0  0  0  0  0  0
   -0.3572    0.8250    0.0000 O   0  0  0  0  0  0  0  0  0  0  0  0
  1  2  1  0  0  0  0
  1  6  2  0  0  0  0
  2  3  2  0  0  0  0
  3  4  1  0  0  0  0
  4  5  2  0  0  0  0
  5  6  1  0  0  0  0
  1  7  1  0  0  0  0
  4  8  1  0  0  0  0
  7  9  1  0  0  0  0
  9 10  1  0  0  0  0
 10 11  1  0  0  0  0
 11 12  1  0  0  0  0
 12 13  1  0  0  0  0
 13 14  1  0  0  0  0
 13 15  1  0  0  0  0
  8 16  1  0  0  0  0
 16 17  1  0  0  0  0
 17 18  1  0  0  0  0
 18 19  1  0  0  0  0
 19 20  1  0  0  0  0
 20 21  1  0  0  0  0
 20 22  1  0  0  0  0
 10 23  1  0  0  0  0
M  END
