
  Mrv1909 03072017192D          

 45 51  0  0  0  0            999 V2000
    0.3586   -2.3936    0.0000 C   0  0  1  0  0  0  0  0  0  0  0  0
    1.0731   -1.9812    0.0000 N   0  0  0  0  0  0  0  0  0  0  0  0
    0.3586   -0.7437    0.0000 C   0  0  2  0  0  0  0  0  0  0  0  0
   -0.3558   -1.1562    0.0000 C   0  0  0  0  0  0  0  0  0  0  0  0
    1.0731   -1.1562    0.0000 C   0  0  0  0  0  0  0  0  0  0  0  0
   -0.3558   -1.9812    0.0000 C   0  0  0  0  0  0  0  0  0  0  0  0
    0.0816    3.8620    0.0000 C   0  0  0  0  0  0  0  0  0  0  0  0
    0.7960    3.4493    0.0000 C   0  0  1  0  0  0  0  0  0  0  0  0
    0.7959    2.6244    0.0000 N   0  0  0  0  0  0  0  0  0  0  0  0
   -0.6329    3.4496    0.0000 N   0  0  0  0  0  0  0  0  0  0  0  0
    1.7875    0.0811    0.0000 C   0  0  0  0  0  0  0  0  0  0  0  0
   -1.4175    2.3698    0.0000 C   0  0  0  0  0  0  0  0  0  0  0  0
   -1.9024    3.0373    0.0000 C   0  0  0  0  0  0  0  0  0  0  0  0
   -1.4174    3.7046    0.0000 C   0  0  0  0  0  0  0  0  0  0  0  0
    0.2528    1.4051    0.0000 O   0  0  0  0  0  0  0  0  0  0  0  0
    0.0817    4.6869    0.0000 O   0  0  0  0  0  0  0  0  0  0  0  0
    1.4088    2.0721    0.0000 C   0  0  0  0  0  0  0  0  0  0  0  0
    2.2158    2.2437    0.0000 O   0  0  0  0  0  0  0  0  0  0  0  0
    1.0732    1.3187    0.0000 C   0  0  1  0  0  0  0  0  0  0  0  0
    1.5104    3.8617    0.0000 C   0  0  0  0  0  0  0  0  0  0  0  0
    2.2252    5.0991    0.0000 C   0  0  0  0  0  0  0  0  0  0  0  0
    1.5106    4.6867    0.0000 C   0  0  0  0  0  0  0  0  0  0  0  0
    0.7963    5.0993    0.0000 C   0  0  0  0  0  0  0  0  0  0  0  0
    2.5020    1.3185    0.0000 C   0  0  0  0  0  0  0  0  0  0  0  0
    1.7875    0.9061    0.0000 C   0  0  0  0  0  0  0  0  0  0  0  0
    1.7875   -2.3936    0.0000 C   0  0  0  0  0  0  0  0  0  0  0  0
   -1.0406   -3.2042    0.0000 C   0  0  0  0  0  0  0  0  0  0  0  0
   -1.0702   -2.3935    0.0000 C   0  0  0  0  0  0  0  0  0  0  0  0
   -1.6932   -3.6804    0.0000 C   0  0  0  0  0  0  0  0  0  0  0  0
   -1.8163   -2.0299    0.0000 C   0  0  0  0  0  0  0  0  0  0  0  0
    0.3642   -3.2196    0.0000 C   0  0  0  0  0  0  0  0  0  0  0  0
   -2.4396   -3.3172    0.0000 C   0  0  0  0  0  0  0  0  0  0  0  0
   -2.5020   -2.4915    0.0000 C   0  0  0  0  0  0  0  0  0  0  0  0
   -0.3528   -3.6348    0.0000 C   0  0  0  0  0  0  0  0  0  0  0  0
   -0.5837   -4.4328    0.0000 C   0  0  0  0  0  0  0  0  0  0  0  0
   -0.0975   -5.0993    0.0000 Br  0  0  0  0  0  0  0  0  0  0  0  0
   -1.4110   -4.4604    0.0000 N   0  0  0  0  0  0  0  0  0  0  0  0
    1.0730   -2.8060    0.0000 H   0  0  0  0  0  0  0  0  0  0  0  0
    0.3586    0.0812    0.0000 C   0  0  0  0  0  0  0  0  0  0  0  0
    1.0731    0.4937    0.0000 N   0  0  0  0  0  0  0  0  0  0  0  0
   -0.3557    0.4937    0.0000 O   0  0  0  0  0  0  0  0  0  0  0  0
   -0.6330    2.6246    0.0000 C   0  0  1  0  0  0  0  0  0  0  0  0
   -0.6330    1.7996    0.0000 H   0  0  0  0  0  0  0  0  0  0  0  0
    0.0813    2.2120    0.0000 C   0  0  1  0  0  0  0  0  0  0  0  0
    0.0814    3.0370    0.0000 O   0  0  0  0  0  0  0  0  0  0  0  0
  1 31  1  0  0  0  0
  1 38  1  1  0  0  0
  1  2  1  0  0  0  0
  2 26  1  0  0  0  0
  3 39  1  1  0  0  0
  3  4  1  0  0  0  0
  3  5  1  0  0  0  0
  2  5  1  0  0  0  0
  6  1  1  0  0  0  0
  6  4  2  0  0  0  0
  6 28  1  0  0  0  0
  7 16  2  0  0  0  0
  8  7  1  0  0  0  0
  7 10  1  0  0  0  0
  9  8  1  0  0  0  0
  8 20  1  6  0  0  0
  9 17  1  0  0  0  0
 44  9  1  0  0  0  0
 10 14  1  0  0  0  0
 10 42  1  0  0  0  0
 11 25  1  0  0  0  0
 42 12  1  0  0  0  0
 12 13  1  0  0  0  0
 13 14  1  0  0  0  0
 44 15  1  0  0  0  0
 19 15  1  0  0  0  0
 19 17  1  0  0  0  0
 17 18  2  0  0  0  0
 19 25  1  0  0  0  0
 19 40  1  6  0  0  0
 20 22  1  0  0  0  0
 22 21  1  0  0  0  0
 22 23  1  0  0  0  0
 25 24  1  0  0  0  0
 27 28  2  0  0  0  0
 27 34  1  0  0  0  0
 27 29  1  0  0  0  0
 28 30  1  0  0  0  0
 29 37  1  0  0  0  0
 29 32  2  0  0  0  0
 30 33  2  0  0  0  0
 34 31  1  0  0  0  0
 32 33  1  0  0  0  0
 34 35  2  0  0  0  0
 35 37  1  0  0  0  0
 35 36  1  0  0  0  0
 39 41  2  0  0  0  0
 39 40  1  0  0  0  0
 42 44  1  0  0  0  0
 42 43  1  1  0  0  0
 44 45  1  6  0  0  0
M  END
