
  Mrv0541 02241213002D          

 19 20  0  0  0  0            999 V2000
   -2.0265   -4.0304    0.0000 O   0  0  0  0  0  0  0  0  0  0  0  0
   -1.5484   -4.7022    0.0000 C   0  0  0  0  0  0  0  0  0  0  0  0
   -2.8008   -4.2752    0.0000 C   0  0  0  0  0  0  0  0  0  0  0  0
   -2.0265   -5.3511    0.0000 C   0  0  0  0  0  0  0  0  0  0  0  0
   -2.8008   -5.1063    0.0000 C   0  0  0  0  0  0  0  0  0  0  0  0
   -0.7286   -4.7022    0.0000 C   0  0  0  0  0  0  0  0  0  0  0  0
   -0.7286   -3.2790    0.0000 N   0  0  0  0  0  0  0  0  0  0  0  0
   -3.5123   -3.8653    0.0000 C   0  0  0  0  0  0  0  0  0  0  0  0
   -0.3187   -3.9962    0.0000 C   0  0  0  0  0  0  0  0  0  0  0  0
   -0.3187   -2.5674    0.0000 C   0  0  0  0  0  0  0  0  0  0  0  0
   -0.3187   -5.4194    0.0000 O   0  0  0  0  0  0  0  0  0  0  0  0
   -3.5123   -5.5162    0.0000 C   0  0  0  0  0  0  0  0  0  0  0  0
   -4.2296   -5.1063    0.0000 C   0  0  0  0  0  0  0  0  0  0  0  0
   -4.2296   -4.2752    0.0000 C   0  0  0  0  0  0  0  0  0  0  0  0
   -3.5123   -3.0456    0.0000 C   0  0  0  0  0  0  0  0  0  0  0  0
   -1.0247   -2.1405    0.0000 C   0  0  0  0  0  0  0  0  0  0  0  0
    0.1082   -1.8502    0.0000 C   0  0  0  0  0  0  0  0  0  0  0  0
    0.4099   -2.9773    0.0000 C   0  0  0  0  0  0  0  0  0  0  0  0
   -4.2296   -2.6300    0.0000 C   0  0  0  0  0  0  0  0  0  0  0  0
  2  1  1  0  0  0  0
  3  1  1  0  0  0  0
  4  2  2  0  0  0  0
  5  3  2  0  0  0  0
  6  2  1  0  0  0  0
  7  9  1  0  0  0  0
  8  3  1  0  0  0  0
  9  6  1  0  0  0  0
 10  7  1  0  0  0  0
 11  6  1  0  0  0  0
 12  5  1  0  0  0  0
 13 14  1  0  0  0  0
 14  8  2  0  0  0  0
 15  8  1  0  0  0  0
 16 10  1  0  0  0  0
 17 10  1  0  0  0  0
 18 10  1  0  0  0  0
 19 15  1  0  0  0  0
  4  5  1  0  0  0  0
 12 13  2  0  0  0  0
M  END
