
  Mrv1909 02042018402D          

 21 22  0  0  0  0            999 V2000
    1.4289   -2.0625    0.0000 C   0  0  0  0  0  0  0  0  0  0  0  0
    2.1433   -1.6500    0.0000 C   0  0  0  0  0  0  0  0  0  0  0  0
    2.1433   -0.8249    0.0000 C   0  0  0  0  0  0  0  0  0  0  0  0
    1.4288   -0.4124    0.0000 N   0  0  0  0  0  0  0  0  0  0  0  0
    0.7144   -0.8249    0.0000 C   0  0  0  0  0  0  0  0  0  0  0  0
    0.7144   -1.6500    0.0000 C   0  0  0  0  0  0  0  0  0  0  0  0
    0.0000   -0.4124    0.0000 C   0  0  0  0  0  0  0  0  0  0  0  0
   -0.7143   -0.8249    0.0000 N   0  0  0  0  0  0  0  0  0  0  0  0
   -1.4287   -0.4124    0.0000 C   0  0  0  0  0  0  0  0  0  0  0  0
   -1.4288    0.4123    0.0000 C   0  0  0  0  0  0  0  0  0  0  0  0
   -2.1431    0.8249    0.0000 C   0  0  0  0  0  0  0  0  0  0  0  0
   -2.8577    0.4123    0.0000 C   0  0  0  0  0  0  0  0  0  0  0  0
   -2.8577   -0.4124    0.0000 C   0  0  0  0  0  0  0  0  0  0  0  0
   -2.1431   -0.8249    0.0000 C   0  0  0  0  0  0  0  0  0  0  0  0
   -2.1431   -1.6500    0.0000 C   0  0  0  0  0  0  0  0  0  0  0  0
   -0.7143    0.8249    0.0000 C   0  0  0  0  0  0  0  0  0  0  0  0
    0.0000    0.4123    0.0000 O   0  0  0  0  0  0  0  0  0  0  0  0
    1.4288    0.4123    0.0000 C   0  0  0  0  0  0  0  0  0  0  0  0
    2.1433    0.8249    0.0000 C   0  0  0  0  0  0  0  0  0  0  0  0
    2.1433    1.6499    0.0000 C   0  0  0  0  0  0  0  0  0  0  0  0
    2.8577    2.0625    0.0000 C   0  0  0  0  0  0  0  0  0  0  0  0
  3  4  1  0  0  0  0
 10 11  1  0  0  0  0
  4  5  1  0  0  0  0
 11 12  2  0  0  0  0
  5  6  1  0  0  0  0
 12 13  1  0  0  0  0
 13 14  2  0  0  0  0
 14  9  1  0  0  0  0
  5  7  1  0  0  0  0
 14 15  1  0  0  0  0
  1  2  1  0  0  0  0
 10 16  1  0  0  0  0
  7  8  1  0  0  0  0
  7 17  2  0  0  0  0
  1  6  1  0  0  0  0
  4 18  1  0  0  0  0
  8  9  1  0  0  0  0
 18 19  1  0  0  0  0
  2  3  1  0  0  0  0
 19 20  1  0  0  0  0
  9 10  2  0  0  0  0
 20 21  1  0  0  0  0
M  END
