
  Mrv1718007231814382D          

 14 13  0  0  0  0            999 V2000
    0.3566   -0.2035    0.0000 C   0  0  0  0  0  0  0  0  0  0  0  0
   -0.3579    0.2089    0.0000 C   0  0  0  0  0  0  0  0  0  0  0  0
   -1.0723   -0.2035    0.0000 C   0  0  0  0  0  0  0  0  0  0  0  0
    1.0711    0.2089    0.0000 C   0  0  0  0  0  0  0  0  0  0  0  0
   -1.7869    0.2088    0.0000 O   0  0  0  0  0  0  0  0  0  0  0  0
    1.7857   -0.2035    0.0000 O   0  0  0  0  0  0  0  0  0  0  0  0
    2.5049    0.2089    0.0000 S   0  0  0  0  0  0  0  0  0  0  0  0
   -2.5050   -0.2086    0.0000 S   0  0  0  0  0  0  0  0  0  0  0  0
   -3.2207    0.1989    0.0000 C   0  0  0  0  0  0  0  0  0  0  0  0
    3.2207   -0.2086    0.0000 C   0  0  0  0  0  0  0  0  0  0  0  0
    2.0950    0.9249    0.0000 O   0  0  0  0  0  0  0  0  0  0  0  0
    2.9201    0.9218    0.0000 O   0  0  0  0  0  0  0  0  0  0  0  0
   -2.0892   -0.9212    0.0000 O   0  0  0  0  0  0  0  0  0  0  0  0
   -2.9143   -0.9249    0.0000 O   0  0  0  0  0  0  0  0  0  0  0  0
  3  2  1  0  0  0  0
  4  1  1  0  0  0  0
  2  1  1  0  0  0  0
  3  5  1  0  0  0  0
  4  6  1  0  0  0  0
  6  7  1  0  0  0  0
  5  8  1  0  0  0  0
  8  9  1  0  0  0  0
  7 10  1  0  0  0  0
 11  7  2  0  0  0  0
 12  7  2  0  0  0  0
 13  8  2  0  0  0  0
 14  8  2  0  0  0  0
M  END
