
  Mrv0541 04191212172D          

 30 33  0  0  1  0            999 V2000
   15.7157  -11.8006    0.0000 C   0  0  2  0  0  0  0  0  0  0  0  0
   15.7157  -12.6255    0.0000 N   0  0  0  0  0  0  0  0  0  0  0  0
   16.4303  -13.0379    0.0000 C   0  0  0  0  0  0  0  0  0  0  0  0
   17.1446  -12.6255    0.0000 C   0  0  0  0  0  0  0  0  0  0  0  0
   17.1446  -11.8006    0.0000 C   0  0  0  0  0  0  0  0  0  0  0  0
   16.4303  -11.3881    0.0000 S   0  0  0  0  0  0  0  0  0  0  0  0
   14.8907  -11.8006    0.0000 C   0  0  1  0  0  0  0  0  0  0  0  0
   14.8907  -12.6255    0.0000 C   0  0  0  0  0  0  0  0  0  0  0  0
   14.1764  -11.3881    0.0000 N   0  0  0  0  0  0  0  0  0  0  0  0
   13.4618  -11.8006    0.0000 C   0  0  0  0  0  0  0  0  0  0  0  0
   13.4618  -12.6255    0.0000 O   0  0  0  0  0  0  0  0  0  0  0  0
   14.1764  -13.0379    0.0000 O   0  0  0  0  0  0  0  0  0  0  0  0
   12.7474  -11.3881    0.0000 C   0  0  0  0  0  0  0  0  0  0  0  0
   17.8700  -13.0445    0.0000 C   0  0  0  0  0  0  0  0  0  0  0  0
   16.4303  -13.8628    0.0000 C   0  0  0  0  0  0  0  0  0  0  0  0
   15.7058  -14.2812    0.0000 O   0  0  0  0  0  0  0  0  0  0  0  0
   17.1346  -14.2696    0.0000 O   0  0  0  0  0  0  0  0  0  0  0  0
   12.0215  -11.8074    0.0000 N   0  0  0  0  0  0  0  0  0  0  0  0
   15.7157  -10.9748    0.0000 H   0  0  0  0  0  0  0  0  0  0  0  0
   18.5874  -12.6305    0.0000 S   0  0  0  0  0  0  0  0  0  0  0  0
   19.3017  -13.0431    0.0000 C   0  0  0  0  0  0  0  0  0  0  0  0
   19.5594  -13.8259    0.0000 N   0  0  0  0  0  0  0  0  0  0  0  0
   20.3849  -13.8252    0.0000 N   0  0  0  0  0  0  0  0  0  0  0  0
   20.6393  -13.0399    0.0000 C   0  0  0  0  0  0  0  0  0  0  0  0
   19.9710  -12.5552    0.0000 S   0  0  0  0  0  0  0  0  0  0  0  0
   21.4642  -13.0213    0.0000 C   0  0  0  0  0  0  0  0  0  0  0  0
   11.3408  -11.3282    0.0000 C   0  0  0  0  0  0  0  0  0  0  0  0
   10.6719  -11.8275    0.0000 N   0  0  0  0  0  0  0  0  0  0  0  0
   10.9401  -12.6180    0.0000 N   0  0  0  0  0  0  0  0  0  0  0  0
   11.7748  -12.6073    0.0000 N   0  0  0  0  0  0  0  0  0  0  0  0
  1  2  1  0  0  0  0
  2  3  1  0  0  0  0
  3  4  2  0  0  0  0
  4  5  1  0  0  0  0
  5  6  1  0  0  0  0
  1  6  1  0  0  0  0
  1  7  1  0  0  0  0
  7  8  1  0  0  0  0
  2  8  1  0  0  0  0
  7  9  1  1  0  0  0
  9 10  1  0  0  0  0
 10 11  2  0  0  0  0
  8 12  2  0  0  0  0
 10 13  1  0  0  0  0
  4 14  1  0  0  0  0
  3 15  1  0  0  0  0
 15 16  2  0  0  0  0
 15 17  1  0  0  0  0
 13 18  1  0  0  0  0
  1 19  1  6  0  0  0
 14 20  1  0  0  0  0
 20 21  1  0  0  0  0
 21 22  2  0  0  0  0
 22 23  1  0  0  0  0
 23 24  2  0  0  0  0
 24 25  1  0  0  0  0
 21 25  1  0  0  0  0
 24 26  1  0  0  0  0
 18 27  1  0  0  0  0
 27 28  2  0  0  0  0
 28 29  1  0  0  0  0
 29 30  2  0  0  0  0
 18 30  1  0  0  0  0
M  END
