
  Mrv1909 08091921452D          

 27 29  0  0  0  0            999 V2000
    2.5475   -2.0631    0.0000 C   0  0  0  0  0  0  0  0  0  0  0  0
    1.8329   -2.4747    0.0000 O   0  0  0  0  0  0  0  0  0  0  0  0
    3.2620   -2.4747    0.0000 O   0  0  0  0  0  0  0  0  0  0  0  0
    2.5475   -1.2381    0.0000 C   0  0  0  0  0  0  0  0  0  0  0  0
    1.8309   -0.8244    0.0000 N   0  0  0  0  0  0  0  0  0  0  0  0
    3.2600   -0.8244    0.0000 C   0  0  0  0  0  0  0  0  0  0  0  0
    1.8309    0.0006    0.0000 C   0  0  1  0  0  0  0  0  0  0  0  0
    1.0058   -0.8244    0.0000 C   0  0  0  0  0  0  0  0  0  0  0  0
    3.9766   -1.2381    0.0000 C   0  0  0  0  0  0  0  0  0  0  0  0
    3.2600    0.0006    0.0000 C   0  0  0  0  0  0  0  0  0  0  0  0
    1.0058    0.0006    0.0000 C   0  0  1  0  0  0  0  0  0  0  0  0
    2.5475    0.4120    0.0000 S   0  0  0  0  0  0  0  0  0  0  0  0
    0.4224   -1.4080    0.0000 O   0  0  0  0  0  0  0  0  0  0  0  0
    0.2933    0.4120    0.0000 N   0  0  0  0  0  0  0  0  0  0  0  0
    1.8309    0.8256    0.0000 H   0  0  0  0  0  0  0  0  0  0  0  0
   -0.4212   -0.0004    0.0000 C   0  0  0  0  0  0  0  0  0  0  0  0
   -1.1356    0.4121    0.0000 C   0  0  0  0  0  0  0  0  0  0  0  0
   -0.4212   -0.8255    0.0000 O   0  0  0  0  0  0  0  0  0  0  0  0
   -1.1356    1.2372    0.0000 N   0  0  0  0  0  0  0  0  0  0  0  0
   -1.8501   -0.0002    0.0000 C   0  0  0  0  0  0  0  0  0  0  0  0
   -1.9365   -0.8208    0.0000 C   0  0  0  0  0  0  0  0  0  0  0  0
   -2.6039    0.3353    0.0000 N   0  0  0  0  0  0  0  0  0  0  0  0
   -2.7436   -0.9922    0.0000 S   0  0  0  0  0  0  0  0  0  0  0  0
   -3.1562   -0.2778    0.0000 C   0  0  0  0  0  0  0  0  0  0  0  0
   -3.9766   -0.1915    0.0000 N   0  0  0  0  0  0  0  0  0  0  0  0
   -0.4209    1.6496    0.0000 O   0  0  0  0  0  0  0  0  0  0  0  0
   -0.4209    2.4747    0.0000 C   0  0  0  0  0  0  0  0  0  0  0  0
  1  2  1  0  0  0  0
  1  3  2  0  0  0  0
  1  4  1  0  0  0  0
  4  5  1  0  0  0  0
  4  6  2  0  0  0  0
  7  5  1  0  0  0  0
  5  8  1  0  0  0  0
  6  9  1  0  0  0  0
  6 10  1  0  0  0  0
 11  7  1  0  0  0  0
  7 12  1  0  0  0  0
  7 15  1  6  0  0  0
 11  8  1  0  0  0  0
  8 13  2  0  0  0  0
 10 12  1  0  0  0  0
 11 14  1  1  0  0  0
 14 16  1  0  0  0  0
 16 17  1  0  0  0  0
 16 18  2  0  0  0  0
 17 19  2  0  0  0  0
 21 20  2  0  0  0  0
 22 20  1  0  0  0  0
 23 21  1  0  0  0  0
 24 22  2  0  0  0  0
 24 23  1  0  0  0  0
 17 20  1  0  0  0  0
 24 25  1  0  0  0  0
 19 26  1  0  0  0  0
 26 27  1  0  0  0  0
M  END
