 
  Mrv1718008161817052D          
 
 37 40  0  0  1  0            999 V2000
   14.6027  -10.7254    0.0000 C   0  0  2  0  0  0  0  0  0  0  0  0
   14.6027  -11.5092    0.0000 N   0  0  0  0  0  0  0  0  0  0  0  0
   15.3451  -11.9216    0.0000 C   0  0  0  0  0  0  0  0  0  0  0  0
   16.0463  -11.5092    0.0000 C   0  0  0  0  0  0  0  0  0  0  0  0
   16.0463  -10.7254    0.0000 C   0  0  0  0  0  0  0  0  0  0  0  0
   15.3451  -10.3129    0.0000 S   0  0  0  0  0  0  0  0  0  0  0  0
   13.7777  -10.7254    0.0000 C   0  0  1  0  0  0  0  0  0  0  0  0
   13.7777  -11.5092    0.0000 C   0  0  0  0  0  0  0  0  0  0  0  0
   13.0765  -10.3129    0.0000 N   0  0  0  0  0  0  0  0  0  0  0  0
   12.3752  -10.7254    0.0000 C   0  0  0  0  0  0  0  0  0  0  0  0
   12.3752  -11.5092    0.0000 O   0  0  0  0  0  0  0  0  0  0  0  0
   13.0765  -11.9216    0.0000 O   0  0  0  0  0  0  0  0  0  0  0  0
   11.6740  -10.3129    0.0000 C   0  0  0  0  0  0  0  0  0  0  0  0
   16.7476  -11.9629    0.0000 C   0  0  0  0  0  0  0  0  0  0  0  0
   10.9315  -10.7254    0.0000 C   0  0  0  0  0  0  0  0  0  0  0  0
   14.6027   -9.9004    0.0000 H   0  0  0  0  0  0  0  0  0  0  0  0
   10.2715  -10.2304    0.0000 C   0  0  0  0  0  0  0  0  0  0  0  0
    9.6115  -10.7254    0.0000 S   0  0  0  0  0  0  0  0  0  0  0  0
    9.8590  -11.5504    0.0000 C   0  0  0  0  0  0  0  0  0  0  0  0
   10.6840  -11.5504    0.0000 N   0  0  0  0  0  0  0  0  0  0  0  0
   11.6740   -9.4467    0.0000 N   0  0  0  0  0  0  0  0  0  0  0  0
   15.3451  -12.7466    0.0000 C   0  0  0  0  0  0  0  0  0  0  0  0
   16.0463  -13.2004    0.0000 O   0  0  0  0  0  0  0  0  0  0  0  0
   14.6027  -13.1591    0.0000 O   0  0  0  0  0  0  0  0  0  0  0  0
   17.4488  -11.5504    0.0000 S   0  0  0  0  0  0  0  0  0  0  0  0
   18.1501  -11.9629    0.0000 C   0  0  0  0  0  0  0  0  0  0  0  0
    9.3641  -12.2103    0.0000 N   0  0  0  0  0  0  0  0  0  0  0  0
   18.1501  -12.7879    0.0000 N   0  0  0  0  0  0  0  0  0  0  0  0
   18.8513  -13.2004    0.0000 C   0  0  0  0  0  0  0  0  0  0  0  0
   19.5938  -12.7879    0.0000 C   0  0  0  0  0  0  0  0  0  0  0  0
   19.5938  -11.9629    0.0000 N   0  0  0  0  0  0  0  0  0  0  0  0
   18.8513  -11.5504    0.0000 N   0  0  0  0  0  0  0  0  0  0  0  0
   18.8513  -14.0254    0.0000 O   0  0  0  0  0  0  0  0  0  0  0  0
   20.2950  -13.2004    0.0000 O   0  0  0  0  0  0  0  0  0  0  0  0
   18.8513  -10.7254    0.0000 C   0  0  0  0  0  0  0  0  0  0  0  0
   12.3854   -9.0281    0.0000 O   0  0  0  0  0  0  0  0  0  0  0  0
   12.3854   -8.2030    0.0000 C   0  0  0  0  0  0  0  0  0  0  0  0
  1  2  1  0  0  0  0
  2  3  1  0  0  0  0
  3  4  2  0  0  0  0
  4  5  1  0  0  0  0
  5  6  1  0  0  0  0
  1  6  1  0  0  0  0
  1  7  1  0  0  0  0
  7  8  1  0  0  0  0
  2  8  1  0  0  0  0
  7  9  1  1  0  0  0
  9 10  1  0  0  0  0
 10 11  2  0  0  0  0
  8 12  2  0  0  0  0
 10 13  1  0  0  0  0
  4 14  1  0  0  0  0
 13 15  1  0  0  0  0
  1 16  1  6  0  0  0
 15 17  2  0  0  0  0
 17 18  1  0  0  0  0
 18 19  1  0  0  0  0
 19 20  2  0  0  0  0
 15 20  1  0  0  0  0
 13 21  2  0  0  0  0
  3 22  1  0  0  0  0
 22 23  1  0  0  0  0
 22 24  2  0  0  0  0
 14 25  1  0  0  0  0
 25 26  1  0  0  0  0
 19 27  1  0  0  0  0
 26 28  2  0  0  0  0
 28 29  1  0  0  0  0
 29 30  1  0  0  0  0
 30 31  1  0  0  0  0
 31 32  1  0  0  0  0
 26 32  1  0  0  0  0
 29 33  2  0  0  0  0
 30 34  2  0  0  0  0
 32 35  1  0  0  0  0
 21 36  1  0  0  0  0
 36 37  1  0  0  0  0
M  END
