 
  Mrv0541 02231215282D          
 
 28 30  0  0  1  0            999 V2000
   23.9060  -11.7651    0.0000 C   0  0  2  0  0  0  0  0  0  0  0  0
   23.9060  -12.5899    0.0000 N   0  0  0  0  0  0  0  0  0  0  0  0
   24.6204  -13.0023    0.0000 C   0  0  0  0  0  0  0  0  0  0  0  0
   25.3347  -12.5899    0.0000 C   0  0  0  0  0  0  0  0  0  0  0  0
   25.3347  -11.7651    0.0000 C   0  0  0  0  0  0  0  0  0  0  0  0
   24.6204  -11.3526    0.0000 S   0  0  0  0  0  0  0  0  0  0  0  0
   23.0810  -11.7651    0.0000 C   0  0  1  0  0  0  0  0  0  0  0  0
   23.0810  -12.5899    0.0000 C   0  0  0  0  0  0  0  0  0  0  0  0
   22.3668  -11.3526    0.0000 N   0  0  0  0  0  0  0  0  0  0  0  0
   21.6524  -11.7651    0.0000 C   0  0  0  0  0  0  0  0  0  0  0  0
   21.6524  -12.5899    0.0000 O   0  0  0  0  0  0  0  0  0  0  0  0
   22.3668  -13.0023    0.0000 O   0  0  0  0  0  0  0  0  0  0  0  0
   20.9379  -11.3526    0.0000 C   0  0  0  0  0  0  0  0  0  0  0  0
   20.2122  -11.7719    0.0000 C   0  0  0  0  0  0  0  0  0  0  0  0
   23.9060  -10.9393    0.0000 H   0  0  0  0  0  0  0  0  0  0  0  0
   19.5455  -11.2727    0.0000 C   0  0  0  0  0  0  0  0  0  0  0  0
   18.8623  -11.7523    0.0000 S   0  0  0  0  0  0  0  0  0  0  0  0
   19.1072  -12.5502    0.0000 C   0  0  0  0  0  0  0  0  0  0  0  0
   19.9417  -12.5224    0.0000 N   0  0  0  0  0  0  0  0  0  0  0  0
   20.9378  -10.5150    0.0000 C   0  0  0  0  0  0  0  0  0  0  0  0
   24.6204  -13.8406    0.0000 C   0  0  0  0  0  0  0  0  0  0  0  0
   23.9037  -14.2543    0.0000 O   0  0  0  0  0  0  0  0  0  0  0  0
   25.3445  -14.2587    0.0000 O   0  0  0  0  0  0  0  0  0  0  0  0
   18.5996  -13.2251    0.0000 N   0  0  0  0  0  0  0  0  0  0  0  0
   21.6355  -10.1122    0.0000 C   0  0  0  0  0  0  0  0  0  0  0  0
   21.6356   -9.2850    0.0000 C   0  0  0  0  0  0  0  0  0  0  0  0
   22.3442   -8.8758    0.0000 O   0  0  0  0  0  0  0  0  0  0  0  0
   20.9084   -8.8651    0.0000 O   0  0  0  0  0  0  0  0  0  0  0  0
  1  2  1  0  0  0  0
  2  3  1  0  0  0  0
  3  4  2  0  0  0  0
  4  5  1  0  0  0  0
  5  6  1  0  0  0  0
  1  6  1  0  0  0  0
  1  7  1  0  0  0  0
  7  8  1  0  0  0  0
  2  8  1  0  0  0  0
  7  9  1  1  0  0  0
  9 10  1  0  0  0  0
 10 11  2  0  0  0  0
  8 12  2  0  0  0  0
 10 13  1  0  0  0  0
 13 14  1  0  0  0  0
  1 15  1  6  0  0  0
 14 16  2  0  0  0  0
 16 17  1  0  0  0  0
 17 18  1  0  0  0  0
 18 19  2  0  0  0  0
 14 19  1  0  0  0  0
 13 20  2  0  0  0  0
  3 21  1  0  0  0  0
 21 22  2  0  0  0  0
 21 23  1  0  0  0  0
 18 24  1  0  0  0  0
 20 25  1  0  0  0  0
 25 26  1  0  0  0  0
 26 27  2  0  0  0  0
 26 28  1  0  0  0  0
M  END
