
  Mrv1909 02052022462D          

 28 30  0  0  0  0            999 V2000
   -4.0260    0.4395    0.0000 S   0  0  0  0  0  0  0  0  0  0  0  0
   -4.6935    0.9244    0.0000 C   0  0  0  0  0  0  0  0  0  0  0  0
   -4.4386    1.7090    0.0000 C   0  0  0  0  0  0  0  0  0  0  0  0
   -3.6136    1.7090    0.0000 C   0  0  0  0  0  0  0  0  0  0  0  0
   -3.3586    0.9244    0.0000 C   0  0  0  0  0  0  0  0  0  0  0  0
   -2.6442    0.5119    0.0000 C   0  0  0  0  0  0  0  0  0  0  0  0
   -1.9297    0.9244    0.0000 C   0  0  0  0  0  0  0  0  0  0  0  0
   -1.2152    0.5119    0.0000 N   0  0  0  0  0  0  0  0  0  0  0  0
   -0.4183   -0.0994    0.0000 C   0  0  0  0  0  0  0  0  0  0  0  0
   -0.4183    0.7255    0.0000 C   0  0  2  0  0  0  0  0  0  0  0  0
    0.4066   -0.0994    0.0000 N   0  0  0  0  0  0  0  0  0  0  0  0
    0.4066    0.7255    0.0000 C   0  0  2  0  0  0  0  0  0  0  0  0
    1.1210   -0.5119    0.0000 C   0  0  0  0  0  0  0  0  0  0  0  0
    1.1210    1.1380    0.0000 S   0  0  0  0  0  0  0  0  0  0  0  0
    1.8355    0.7255    0.0000 C   0  0  0  0  0  0  0  0  0  0  0  0
    1.8355   -0.0994    0.0000 C   0  0  0  0  0  0  0  0  0  0  0  0
    2.5500   -0.5119    0.0000 C   0  0  0  0  0  0  0  0  0  0  0  0
    3.2645   -0.0994    0.0000 O   0  0  0  0  0  0  0  0  0  0  0  0
    3.9790   -0.5119    0.0000 C   0  0  0  0  0  0  0  0  0  0  0  0
    4.6934   -0.0994    0.0000 C   0  0  0  0  0  0  0  0  0  0  0  0
    1.1210   -1.3369    0.0000 C   0  0  0  0  0  0  0  0  0  0  0  0
   -1.9297    1.7494    0.0000 O   0  0  0  0  0  0  0  0  0  0  0  0
   -1.0017   -0.6828    0.0000 O   0  0  0  0  0  0  0  0  0  0  0  0
    0.4066   -1.7494    0.0000 O   0  0  0  0  0  0  0  0  0  0  0  0
    1.8355   -1.7494    0.0000 O   0  0  0  0  0  0  0  0  0  0  0  0
    3.9790   -1.3369    0.0000 O   0  0  0  0  0  0  0  0  0  0  0  0
    0.4066    1.5505    0.0000 H   0  0  0  0  0  0  0  0  0  0  0  0
   -0.4183    1.5505    0.0000 H   0  0  0  0  0  0  0  0  0  0  0  0
  1  2  1  0  0  0  0
  1  5  1  0  0  0  0
  2  3  2  0  0  0  0
  3  4  1  0  0  0  0
  4  5  2  0  0  0  0
  5  6  1  0  0  0  0
  6  7  1  0  0  0  0
  7  8  1  0  0  0  0
  9 10  1  0  0  0  0
  9 11  1  0  0  0  0
 12 10  1  0  0  0  0
 13 11  1  0  0  0  0
 11 12  1  0  0  0  0
 12 14  1  0  0  0  0
 13 16  2  0  0  0  0
 14 15  1  0  0  0  0
 15 16  1  0  0  0  0
 16 17  1  0  0  0  0
 17 18  1  0  0  0  0
 18 19  1  0  0  0  0
 19 20  1  0  0  0  0
 13 21  1  0  0  0  0
  7 22  2  0  0  0  0
 10  8  1  1  0  0  0
  9 23  2  0  0  0  0
 21 24  2  0  0  0  0
 21 25  1  0  0  0  0
 19 26  2  0  0  0  0
 12 27  1  6  0  0  0
 10 28  1  6  0  0  0
M  END
