
  Mrv1909 03042017042D          

 22 23  0  0  0  0            999 V2000
    2.1435   -2.0625    0.0000 N   0  0  0  0  0  0  0  0  0  0  0  0
    2.8579   -1.6500    0.0000 C   0  0  0  0  0  0  0  0  0  0  0  0
    1.4290   -0.8249    0.0000 C   0  0  0  0  0  0  0  0  0  0  0  0
    2.1435   -0.4124    0.0000 C   0  0  0  0  0  0  0  0  0  0  0  0
    1.4290   -1.6500    0.0000 C   0  0  0  0  0  0  0  0  0  0  0  0
    0.7144   -2.0625    0.0000 C   0  0  0  0  0  0  0  0  0  0  0  0
    0.7144   -0.4124    0.0000 C   0  0  0  0  0  0  0  0  0  0  0  0
    0.0000   -1.6500    0.0000 C   0  0  0  0  0  0  0  0  0  0  0  0
    2.8579   -0.8249    0.0000 C   0  0  0  0  0  0  0  0  0  0  0  0
    0.0000   -0.8249    0.0000 C   0  0  0  0  0  0  0  0  0  0  0  0
   -0.7144   -2.0625    0.0000 Cl  0  0  0  0  0  0  0  0  0  0  0  0
    2.1435    0.4125    0.0000 N   0  0  0  0  0  0  0  0  0  0  0  0
   -1.4289    0.8250    0.0000 N   0  0  0  0  0  0  0  0  0  0  0  0
    1.4290    0.8250    0.0000 C   0  0  0  0  0  0  0  0  0  0  0  0
    0.0000    0.8250    0.0000 C   0  0  0  0  0  0  0  0  0  0  0  0
   -0.7144    0.4125    0.0000 C   0  0  0  0  0  0  0  0  0  0  0  0
   -1.4289    1.6501    0.0000 C   0  0  0  0  0  0  0  0  0  0  0  0
   -2.1434    0.4125    0.0000 C   0  0  0  0  0  0  0  0  0  0  0  0
    0.7145    0.4125    0.0000 C   0  0  0  0  0  0  0  0  0  0  0  0
    1.4290    1.6501    0.0000 C   0  0  0  0  0  0  0  0  0  0  0  0
   -2.1434    2.0625    0.0000 C   0  0  0  0  0  0  0  0  0  0  0  0
   -2.8579    0.8250    0.0000 C   0  0  0  0  0  0  0  0  0  0  0  0
  1  2  2  0  0  0  0
  3  4  1  0  0  0  0
 12  4  1  0  0  0  0
  5  1  1  0  0  0  0
  3  5  1  0  0  0  0
  6  5  2  0  0  0  0
  3  7  2  0  0  0  0
  8  6  1  0  0  0  0
 11  8  1  0  0  0  0
  9  4  2  0  0  0  0
  2  9  1  0  0  0  0
 10  8  2  0  0  0  0
  7 10  1  0  0  0  0
 14 12  1  0  0  0  0
 16 13  1  0  0  0  0
 17 13  1  0  0  0  0
 18 13  1  0  0  0  0
 19 14  1  0  0  0  0
 20 14  1  0  0  0  0
 19 15  1  0  0  0  0
 16 15  1  0  0  0  0
 21 17  1  0  0  0  0
 22 18  1  0  0  0  0
M  END
