
  Mrv1652306231722402D          

 20 23  0  0  0  0            999 V2000
   -0.8166    0.5235    0.0000 C   0  0  0  0  0  0  0  0  0  0  0  0
   -0.0414    0.8057    0.0000 C   0  0  0  0  0  0  0  0  0  0  0  0
    0.5906    0.2754    0.0000 C   0  0  0  0  0  0  0  0  0  0  0  0
    0.4474   -0.5371    0.0000 C   0  0  0  0  0  0  0  0  0  0  0  0
   -0.3279   -0.8192    0.0000 C   0  0  0  0  0  0  0  0  0  0  0  0
   -0.9599   -0.2889    0.0000 C   0  0  0  0  0  0  0  0  0  0  0  0
    1.0793   -1.0674    0.0000 C   0  0  0  0  0  0  0  0  0  0  0  0
    1.4918   -1.7818    0.0000 C   0  0  0  0  0  0  0  0  0  0  0  0
    0.6668   -1.7818    0.0000 C   0  0  0  0  0  0  0  0  0  0  0  0
   -0.0476   -2.1943    0.0000 C   0  0  0  0  0  0  0  0  0  0  0  0
   -0.1339   -3.0148    0.0000 N   0  0  0  0  0  0  0  0  0  0  0  0
   -0.9408   -3.1863    0.0000 C   0  0  0  0  0  0  0  0  0  0  0  0
   -1.3533   -2.4719    0.0000 C   0  0  0  0  0  0  0  0  0  0  0  0
   -0.8013   -1.8588    0.0000 N   0  0  0  0  0  0  0  0  0  0  0  0
    1.7113   -0.5371    0.0000 C   0  0  0  0  0  0  0  0  0  0  0  0
    1.5681    0.2754    0.0000 C   0  0  0  0  0  0  0  0  0  0  0  0
    2.2001    0.8057    0.0000 C   0  0  0  0  0  0  0  0  0  0  0  0
    2.9753    0.5235    0.0000 C   0  0  0  0  0  0  0  0  0  0  0  0
    3.1186   -0.2889    0.0000 C   0  0  0  0  0  0  0  0  0  0  0  0
    2.4866   -0.8192    0.0000 C   0  0  0  0  0  0  0  0  0  0  0  0
  1  2  2  0  0  0  0
  2  3  1  0  0  0  0
  3  4  2  0  0  0  0
  4  5  1  0  0  0  0
  5  6  2  0  0  0  0
  1  6  1  0  0  0  0
  4  7  1  0  0  0  0
  7  8  1  0  0  0  0
  8  9  1  0  0  0  0
  7  9  1  0  0  0  0
  9 10  1  0  0  0  0
 10 11  2  0  0  0  0
 11 12  1  0  0  0  0
 12 13  1  0  0  0  0
 13 14  1  0  0  0  0
 10 14  1  0  0  0  0
  7 15  1  0  0  0  0
 15 16  2  0  0  0  0
 16 17  1  0  0  0  0
 17 18  2  0  0  0  0
 18 19  1  0  0  0  0
 19 20  2  0  0  0  0
 15 20  1  0  0  0  0
M  END
