cicaprost
  CDK     0223171738
null
 29 30  0  0  0  0  0  0  0  0999 V2000
   -0.4401   -4.4484    0.0000 C   0  0  0  0  0  0  0  0  0  0  0  0
   -1.2651   -4.4484    0.0000 C   0  0  0  0  0  0  0  0  0  0  0  0
    0.2743   -4.0369    0.0000 C   0  0  2  0  0  0  0  0  0  0  0  0
   -2.0901   -4.4484    0.0000 C   0  0  2  0  0  0  0  0  0  0  0  0
    1.7053   -4.0369    0.0000 C   0  0  2  0  0  0  0  0  0  0  0  0
    0.2743   -3.2119    0.0000 C   0  0  2  0  0  0  0  0  0  0  0  0
   -2.8046   -4.8619    0.0000 C   0  0  2  0  0  0  0  0  0  0  0  0
   -2.0901   -3.6234    0.0000 O   0  0  0  0  0  0  0  0  0  0  0  0
    1.7053   -3.2119    0.0000 C   0  0  2  0  0  0  0  0  0  0  0  0
    3.1342   -4.0369    0.0000 C   0  0  0  0  0  0  0  0  0  0  0  0
   -0.4401   -2.7984    0.0000 O   0  0  0  0  0  0  0  0  0  0  0  0
    0.9908   -2.7984    0.0000 C   0  0  0  0  0  0  0  0  0  0  0  0
   -3.5190   -4.4484    0.0000 C   0  0  0  0  0  0  0  0  0  0  0  0
   -2.8046   -5.6869    0.0000 C   0  0  0  0  0  0  0  0  0  0  0  0
    2.4197   -2.7984    0.0000 C   0  0  0  0  0  0  0  0  0  0  0  0
    3.1342   -3.2119    0.0000 C   0  0  0  0  0  0  0  0  0  0  0  0
   -4.3440   -4.4484    0.0000 C   0  0  0  0  0  0  0  0  0  0  0  0
    3.8486   -2.7984    0.0000 C   0  0  0  0  0  0  0  0  0  0  0  0
   -5.1690   -4.4484    0.0000 C   0  0  0  0  0  0  0  0  0  0  0  0
    3.8486   -1.9734    0.0000 C   0  0  0  0  0  0  0  0  0  0  0  0
   -5.9940   -4.4484    0.0000 C   0  0  0  0  0  0  0  0  0  0  0  0
    4.5631   -1.5620    0.0000 O   0  0  0  0  0  0  0  0  0  0  0  0
   -6.7084   -4.8619    0.0000 C   0  0  0  0  0  0  0  0  0  0  0  0
    5.2775   -1.9734    0.0000 C   0  0  0  0  0  0  0  0  0  0  0  0
    5.9920   -1.5620    0.0000 C   0  0  0  0  0  0  0  0  0  0  0  0
    6.7064   -1.9734    0.0000 O   0  0  0  0  0  0  0  0  0  0  0  0
    5.9920   -0.7370    0.0000 O   0  0  0  0  0  0  0  0  0  0  0  0
    1.7053   -4.8619    0.0000 H   0  0  0  0  0  0  0  0  0  0  0  0
    1.7053   -2.3870    0.0000 H   0  0  0  0  0  0  0  0  0  0  0  0
  1  2  3  0  0  0  0 
  4  2  1  0  0  0  0 
  3  1  1  1  0  0  0 
  5  3  1  0  0  0  0 
  3  6  1  0  0  0  0 
  7  4  1  0  0  0  0 
  4  8  1  6  0  0  0 
  9  5  1  0  0  0  0 
  5 10  1  0  0  0  0 
  5 28  1  1  0  0  0 
  6 11  1  6  0  0  0 
  6 12  1  0  0  0  0 
  7 13  1  0  0  0  0 
  7 14  1  1  0  0  0 
  9 12  1  0  0  0  0 
  9 15  1  0  0  0  0 
  9 29  1  1  0  0  0 
 10 16  1  0  0  0  0 
 13 17  1  0  0  0  0 
 15 16  1  0  0  0  0 
 16 18  2  0  0  0  0 
 17 19  3  0  0  0  0 
 18 20  1  0  0  0  0 
 19 21  1  0  0  0  0 
 20 22  1  0  0  0  0 
 21 23  1  0  0  0  0 
 22 24  1  0  0  0  0 
 24 25  1  0  0  0  0 
 25 26  1  0  0  0  0 
 25 27  2  0  0  0  0 
M  END
