
  Mrv0541 05041401492D          

 26 28  0  0  0  0            999 V2000
    3.3347    1.5777    0.0000 C   0  0  0  0  0  0  0  0  0  0  0  0
    5.0657    0.7207    0.0000 C   0  0  0  0  0  0  0  0  0  0  0  0
    5.8907    0.7207    0.0000 C   0  0  0  0  0  0  0  0  0  0  0  0
    4.8107    1.5053    0.0000 C   0  0  0  0  0  0  0  0  0  0  0  0
    6.1456    1.5053    0.0000 C   0  0  0  0  0  0  0  0  0  0  0  0
    3.3347    4.0527    0.0000 C   0  0  0  0  0  0  0  0  0  0  0  0
    3.3347    3.2277    0.0000 C   0  0  0  0  0  0  0  0  0  0  0  0
    3.9993    6.7183    0.0000 C   0  0  0  0  0  0  0  0  0  0  0  0
    5.2610    6.0474    0.0000 C   0  0  0  0  0  0  0  0  0  0  0  0
    3.6120    5.9898    0.0000 C   0  0  0  0  0  0  0  0  0  0  0  0
    4.8737    5.3190    0.0000 C   0  0  0  0  0  0  0  0  0  0  0  0
    4.7637    4.0527    0.0000 C   0  0  0  0  0  0  0  0  0  0  0  0
    3.3653    4.8289    0.0000 C   0  0  0  0  0  0  0  0  0  0  0  0
    4.8238    6.7471    0.0000 C   0  0  1  0  0  0  0  0  0  0  0  0
    4.0492    4.4652    0.0000 C   0  0  0  0  0  0  0  0  0  0  0  0
    5.4782    1.9902    0.0000 C   0  0  0  0  0  0  0  0  0  0  0  0
    4.0492    2.8152    0.0000 C   0  0  0  0  0  0  0  0  0  0  0  0
    4.7637    3.2277    0.0000 C   0  0  0  0  0  0  0  0  0  0  0  0
    5.2112    7.4755    0.0000 C   0  0  0  0  0  0  0  0  0  0  0  0
    4.0492    5.2902    0.0000 C   0  0  2  0  0  0  0  0  0  0  0  0
    2.6813    4.3675    0.0000 N   0  0  0  0  0  0  0  0  0  0  0  0
    4.7740    8.1751    0.0000 O   0  0  0  0  0  0  0  0  0  0  0  0
    6.0357    7.5043    0.0000 O   0  0  0  0  0  0  0  0  0  0  0  0
    4.0492    1.9902    0.0000 O   0  0  0  0  0  0  0  0  0  0  0  0
    5.4782    2.8152    0.0000 O   0  0  0  0  0  0  0  0  0  0  0  0
    4.3867    7.4467    0.0000 H   0  0  0  0  0  0  0  0  0  0  0  0
  3  2  1  0  0  0  0
  4  2  1  0  0  0  0
  5  3  1  0  0  0  0
  7  6  2  0  0  0  0
 10  8  1  0  0  0  0
 11  9  1  0  0  0  0
 14  8  1  0  0  0  0
 14  9  1  0  0  0  0
 15  6  1  0  0  0  0
 15 12  2  0  0  0  0
 16  4  1  0  0  0  0
 16  5  1  0  0  0  0
 17  7  1  0  0  0  0
 18 12  1  0  0  0  0
 18 17  2  0  0  0  0
 14 19  1  6  0  0  0
 20 10  1  0  0  0  0
 20 11  1  0  0  0  0
 20 13  1  6  0  0  0
 20 15  1  1  0  0  0
 21 13  3  0  0  0  0
 22 19  2  0  0  0  0
 23 19  1  0  0  0  0
 24  1  1  0  0  0  0
 24 17  1  0  0  0  0
 25 16  1  0  0  0  0
 25 18  1  0  0  0  0
 14 26  1  1  0  0  0
M  END
