
  Mrv1718012301812292D          

 17 17  0  0  0  0            999 V2000
    3.2559    0.5684    0.0000 N   0  0  0  0  0  0  0  0  0  0  0  0
    3.9088    0.0939    0.0000 C   0  0  0  0  0  0  0  0  0  0  0  0
    3.6593   -0.6737    0.0000 N   0  0  0  0  0  0  0  0  0  0  0  0
    2.6028    0.0938    0.0000 C   0  0  0  0  0  0  0  0  0  0  0  0
    2.8521   -0.6737    0.0000 C   0  0  0  0  0  0  0  0  0  0  0  0
    2.2256   -1.1904    0.0000 C   0  0  0  0  0  0  0  0  0  0  0  0
    1.3569   -0.6830    0.0000 S   0  0  0  0  0  0  0  0  0  0  0  0
    0.4653   -1.1366    0.0000 C   0  0  0  0  0  0  0  0  0  0  0  0
   -0.3725   -0.6369    0.0000 C   0  0  0  0  0  0  0  0  0  0  0  0
   -1.1644   -1.0904    0.0000 N   0  0  0  0  0  0  0  0  0  0  0  0
   -2.0100   -0.6369    0.0000 C   0  0  0  0  0  0  0  0  0  0  0  0
   -2.9709   -1.0904    0.0000 N   0  0  0  0  0  0  0  0  0  0  0  0
   -3.9088   -0.6599    0.0000 C   0  0  0  0  0  0  0  0  0  0  0  0
   -2.0100    0.2779    0.0000 N   0  0  0  0  0  0  0  0  0  0  0  0
   -1.2197    0.7341    0.0000 C   0  0  0  0  0  0  0  0  0  0  0  0
   -0.4295    1.1904    0.0000 N   0  0  0  0  0  0  0  0  0  0  0  0
    1.8105    0.3240    0.0000 C   0  0  0  0  0  0  0  0  0  0  0  0
  2  1  1  0  0  0  0
  4  1  1  0  0  0  0
  3  2  2  0  0  0  0
  5  3  1  0  0  0  0
  5  4  2  0  0  0  0
  6  5  1  0  0  0  0
  7  6  1  0  0  0  0
  8  7  1  0  0  0  0
  9  8  1  0  0  0  0
 10  9  1  0  0  0  0
 11 10  1  0  0  0  0
 12 11  1  0  0  0  0
 13 12  1  0  0  0  0
 14 11  2  0  0  0  0
 16 15  3  0  0  0  0
 14 15  1  0  0  0  0
 17  4  1  0  0  0  0
M  END
