
  Mrv1909 03022020172D          

  9  9  0  0  0  0            999 V2000
   -0.4237    0.4835    0.0000 C   0  0  0  0  0  0  0  0  0  0  0  0
   -0.6786   -0.3010    0.0000 C   0  0  0  0  0  0  0  0  0  0  0  0
    0.3608    0.7384    0.0000 C   0  0  0  0  0  0  0  0  0  0  0  0
   -1.0911    0.9685    0.0000 S   0  0  0  0  0  0  0  0  0  0  0  0
   -1.5036   -0.3010    0.0000 N   0  0  0  0  0  0  0  0  0  0  0  0
   -0.1937   -0.9685    0.0000 C   0  0  0  0  0  0  0  0  0  0  0  0
    0.9739    0.1864    0.0000 C   0  0  0  0  0  0  0  0  0  0  0  0
   -1.7586    0.4835    0.0000 C   0  0  0  0  0  0  0  0  0  0  0  0
    1.7586    0.4413    0.0000 Cl  0  0  0  0  0  0  0  0  0  0  0  0
  1  2  2  0  0  0  0
  1  3  1  0  0  0  0
  1  4  1  0  0  0  0
  2  5  1  0  0  0  0
  2  6  1  0  0  0  0
  3  7  1  0  0  0  0
  4  8  1  0  0  0  0
  7  9  1  0  0  0  0
  5  8  2  0  0  0  0
M  END
