
  Mrv1902 04141921032D          

 23 27  0  0  0  0            999 V2000
   -0.3917   -0.4145    0.0000 C   0  0  2  0  0  0  0  0  0  0  0  0
   -0.3952    0.4076    0.0000 C   0  0  0  0  0  0  0  0  0  0  0  0
    0.3139   -0.8309    0.0000 C   0  0  2  0  0  0  0  0  0  0  0  0
   -1.1115   -0.8203    0.0000 C   0  0  1  0  0  0  0  0  0  0  0  0
    0.3139    0.0053    0.0000 C   0  0  0  0  0  0  0  0  0  0  0  0
   -1.1115    0.8170    0.0000 C   0  0  0  0  0  0  0  0  0  0  0  0
    0.3174    0.8170    0.0000 C   0  0  0  0  0  0  0  0  0  0  0  0
    1.0302   -0.4216    0.0000 C   0  0  1  0  0  0  0  0  0  0  0  0
    0.3105   -1.6530    0.0000 C   0  0  0  0  0  0  0  0  0  0  0  0
   -1.9301    0.0546    0.0000 O   0  0  0  0  0  0  0  0  0  0  0  0
   -1.1151   -1.6426    0.0000 C   0  0  2  0  0  0  0  0  0  0  0  0
    1.7397   -0.0087    0.0000 C   0  0  0  0  0  0  0  0  0  0  0  0
   -1.1115    1.6462    0.0000 C   0  0  0  0  0  0  0  0  0  0  0  0
    1.0338    0.4040    0.0000 C   0  0  0  0  0  0  0  0  0  0  0  0
    0.3174    1.6462    0.0000 C   0  0  0  0  0  0  0  0  0  0  0  0
    1.7466   -0.8380    0.0000 N   0  0  0  0  0  0  0  0  0  0  0  0
   -0.4057   -2.0590    0.0000 C   0  0  0  0  0  0  0  0  0  0  0  0
   -1.8349   -2.0554    0.0000 O   0  0  0  0  0  0  0  0  0  0  0  0
   -0.3917    2.0590    0.0000 C   0  0  0  0  0  0  0  0  0  0  0  0
   -1.8279    2.0590    0.0000 O   0  0  0  0  0  0  0  0  0  0  0  0
    2.5442   -0.6192    0.0000 C   0  0  0  0  0  0  0  0  0  0  0  0
   -2.5442    1.6462    0.0000 C   0  0  0  0  0  0  0  0  0  0  0  0
    1.1009   -1.3991    0.0000 H   0  0  0  0  0  0  0  0  0  0  0  0
  1  2  1  0  0  0  0
  1  3  1  0  0  0  0
  1  4  1  0  0  0  0
  1  5  1  1  0  0  0
  2  6  2  0  0  0  0
  2  7  1  0  0  0  0
  3  8  1  0  0  0  0
  3  9  1  0  0  0  0
  4 10  1  6  0  0  0
  4 11  1  0  0  0  0
  6 13  1  0  0  0  0
  7 14  1  0  0  0  0
  7 15  2  0  0  0  0
  8 16  1  1  0  0  0
  9 17  2  0  0  0  0
 11 18  1  6  0  0  0
 13 19  2  0  0  0  0
 13 20  1  0  0  0  0
 16 21  1  0  0  0  0
 20 22  1  0  0  0  0
  6 10  1  0  0  0  0
  8 14  1  0  0  0  0
 11 17  1  0  0  0  0
 12 16  1  0  0  0  0
 15 19  1  0  0  0  0
  3 23  1  1  0  0  0
  5 12  1  0  0  0  0
M  END
