
  Marvin  06201311562D          

 14 15  0  0  1  0            999 V2000
    6.4363  -15.8906    0.0000 C   0  0  0  0  0  0  0  0  0  0  0  0
    6.4367  -15.0654    0.0000 N   0  0  0  0  0  0  0  0  0  0  0  0
    5.7693  -14.5802    0.0000 C   0  0  1  0  0  0  0  0  0  0  0  0
    6.0243  -13.7957    0.0000 C   0  0  0  0  0  0  0  0  0  0  0  0
    6.8491  -13.7957    0.0000 C   0  0  0  0  0  0  0  0  0  0  0  0
    7.1040  -14.5803    0.0000 C   0  0  0  0  0  0  0  0  0  0  0  0
    7.8886  -14.8353    0.0000 O   0  0  0  0  0  0  0  0  0  0  0  0
    5.0548  -14.9927    0.0000 C   0  0  0  0  0  0  0  0  0  0  0  0
    5.0548  -15.8178    0.0000 C   0  0  0  0  0  0  0  0  0  0  0  0
    4.3403  -16.2303    0.0000 N   0  0  0  0  0  0  0  0  0  0  0  0
    3.6259  -15.8179    0.0000 C   0  0  0  0  0  0  0  0  0  0  0  0
    3.6260  -14.9928    0.0000 C   0  0  0  0  0  0  0  0  0  0  0  0
    4.3403  -14.5802    0.0000 C   0  0  0  0  0  0  0  0  0  0  0  0
    5.1859  -13.9969    0.0000 H   0  0  0  0  0  0  0  0  0  0  0  0
  1  2  1  0  0  0  0
  2  3  1  0  0  0  0
  2  6  1  0  0  0  0
  3  4  1  0  0  0  0
  4  5  1  0  0  0  0
  5  6  1  0  0  0  0
  6  7  2  0  0  0  0
  8  9  2  0  0  0  0
  8 13  1  0  0  0  0
  9 10  1  0  0  0  0
 10 11  2  0  0  0  0
 11 12  1  0  0  0  0
 12 13  2  0  0  0  0
  8  3  1  0  0  0  0
  3 14  1  1  0  0  0
M  END
