
  Mrv1572004221603162D          

 23 25  0  0  0  0            999 V2000
    4.4656   -1.4045    0.0000 C   0  0  0  0  0  0  0  0  0  0  0  0
    4.8781   -0.6900    0.0000 C   0  0  0  0  0  0  0  0  0  0  0  0
    3.6586   -1.2330    0.0000 C   0  0  0  0  0  0  0  0  0  0  0  0
    4.3260   -0.0769    0.0000 C   0  0  0  0  0  0  0  0  0  0  0  0
    2.8579   -0.0000    0.0000 C   0  0  0  0  0  0  0  0  0  0  0  0
    0.0000    0.0000    0.0000 C   0  0  0  0  0  0  0  0  0  0  0  0
    0.0000   -1.6500    0.0000 C   0  0  0  0  0  0  0  0  0  0  0  0
    3.5724   -0.4125    0.0000 C   0  0  0  0  0  0  0  0  0  0  0  0
   -0.7145   -0.4125    0.0000 C   0  0  0  0  0  0  0  0  0  0  0  0
    0.7145   -0.4125    0.0000 C   0  0  0  0  0  0  0  0  0  0  0  0
   -0.7145   -1.2375    0.0000 C   0  0  0  0  0  0  0  0  0  0  0  0
    0.7145   -1.2375    0.0000 C   0  0  0  0  0  0  0  0  0  0  0  0
    2.1434   -0.4125    0.0000 C   0  0  0  0  0  0  0  0  0  0  0  0
   -1.4289   -0.0000    0.0000 Cl  0  0  0  0  0  0  0  0  0  0  0  0
   -2.1434   -2.0625    0.0000 N   0  0  0  0  0  0  0  0  0  0  0  0
    1.4289   -0.0000    0.0000 N   0  0  0  0  0  0  0  0  0  0  0  0
    2.1434   -1.2375    0.0000 N   0  0  0  0  0  0  0  0  0  0  0  0
   -1.8414   -0.9355    0.0000 O   0  0  0  0  0  0  0  0  0  0  0  0
   -1.0164   -2.3645    0.0000 O   0  0  0  0  0  0  0  0  0  0  0  0
    1.0416   -2.3784    0.0000 O   0  0  0  0  0  0  0  0  0  0  0  0
    1.8163   -2.3784    0.0000 O   0  0  0  0  0  0  0  0  0  0  0  0
   -1.4289   -1.6500    0.0000 S   0  0  0  0  0  0  0  0  0  0  0  0
    1.4289   -1.6500    0.0000 S   0  0  0  0  0  0  0  0  0  0  0  0
  2  1  1  0  0  0  0
  3  1  1  0  0  0  0
  4  2  1  0  0  0  0
  8  3  1  0  0  0  0
  8  4  1  0  0  0  0
  8  5  1  0  0  0  0
  9  6  2  0  0  0  0
 10  6  1  0  0  0  0
 11  7  2  0  0  0  0
 11  9  1  0  0  0  0
 12  7  1  0  0  0  0
 12 10  2  0  0  0  0
 13  5  1  0  0  0  0
 14  9  1  0  0  0  0
 16 10  1  0  0  0  0
 16 13  1  0  0  0  0
 17 13  1  0  0  0  0
 22 11  1  0  0  0  0
 22 15  1  0  0  0  0
 22 18  2  0  0  0  0
 22 19  2  0  0  0  0
 23 12  1  0  0  0  0
 23 17  1  0  0  0  0
 23 20  2  0  0  0  0
 23 21  2  0  0  0  0
M  END
