
  Mrv1909 02062022562D          

 23 25  0  0  0  0            999 V2000
   -0.9244   -0.5222    0.0000 C   0  0  0  0  0  0  0  0  0  0  0  0
   -1.7105   -0.2663    0.0000 C   0  0  0  0  0  0  0  0  0  0  0  0
   -0.2571   -0.0342    0.0000 O   0  0  0  0  0  0  0  0  0  0  0  0
   -0.6739   -1.2819    0.0000 C   0  0  0  0  0  0  0  0  0  0  0  0
   -1.8899    0.5302    0.0000 C   0  0  0  0  0  0  0  0  0  0  0  0
   -2.3305   -0.8308    0.0000 C   0  0  0  0  0  0  0  0  0  0  0  0
    0.4048   -0.4957    0.0000 C   0  0  0  0  0  0  0  0  0  0  0  0
    0.1595   -1.2819    0.0000 C   0  0  0  0  0  0  0  0  0  0  0  0
   -2.6838    0.7781    0.0000 C   0  0  0  0  0  0  0  0  0  0  0  0
   -3.1217   -0.5802    0.0000 C   0  0  0  0  0  0  0  0  0  0  0  0
    1.1803   -0.2347    0.0000 C   0  0  0  0  0  0  0  0  0  0  0  0
   -3.2958    0.2216    0.0000 C   0  0  0  0  0  0  0  0  0  0  0  0
    1.8002   -0.7807    0.0000 N   0  0  0  0  0  0  0  0  0  0  0  0
   -4.0818    0.4722    0.0000 N   0  3  0  0  0  0  0  0  0  0  0  0
    2.5783   -0.5063    0.0000 N   0  0  0  0  0  0  0  0  0  0  0  0
   -4.6937   -0.0764    0.0000 O   0  0  0  0  0  0  0  0  0  0  0  0
   -4.2612    1.2819    0.0000 O   0  5  0  0  0  0  0  0  0  0  0  0
    3.2615   -0.9812    0.0000 C   0  0  0  0  0  0  0  0  0  0  0  0
    2.8315    0.2875    0.0000 C   0  0  0  0  0  0  0  0  0  0  0  0
    3.9077   -0.4774    0.0000 C   0  0  0  0  0  0  0  0  0  0  0  0
    3.6386    0.3006    0.0000 N   0  0  0  0  0  0  0  0  0  0  0  0
    2.3436    0.9468    0.0000 O   0  0  0  0  0  0  0  0  0  0  0  0
    4.6937   -0.7122    0.0000 O   0  0  0  0  0  0  0  0  0  0  0  0
  1  2  1  0  0  0  0
  1  3  1  0  0  0  0
  1  4  2  0  0  0  0
  2  5  1  0  0  0  0
  2  6  2  0  0  0  0
  3  7  1  0  0  0  0
  4  8  1  0  0  0  0
  5  9  2  0  0  0  0
  6 10  1  0  0  0  0
  7 11  1  0  0  0  0
  9 12  1  0  0  0  0
 11 13  2  0  0  0  0
 12 14  1  0  0  0  0
 13 15  1  0  0  0  0
 14 16  2  0  0  0  0
 14 17  1  0  0  0  0
 15 18  1  0  0  0  0
 15 19  1  0  0  0  0
 18 20  1  0  0  0  0
 19 21  1  0  0  0  0
 19 22  2  0  0  0  0
 20 23  2  0  0  0  0
  7  8  2  0  0  0  0
 10 12  2  0  0  0  0
 20 21  1  0  0  0  0
M  CHG  2  14   1  17  -1
M  END
