
  Mrv1909 03022015452D          

 40 43  0  0  0  0            999 V2000
   -2.1428   -0.6267    0.0000 C   0  0  0  0  0  0  0  0  0  0  0  0
   -1.4289   -0.2130    0.0000 C   0  0  2  0  0  0  0  0  0  0  0  0
   -0.7136   -0.6245    0.0000 N   0  0  0  0  0  0  0  0  0  0  0  0
   -1.4303    0.6119    0.0000 C   0  0  1  0  0  0  0  0  0  0  0  0
   -0.7162    1.0256    0.0000 C   0  0  0  0  0  0  0  0  0  0  0  0
   -2.1454    1.0234    0.0000 O   0  0  0  0  0  0  0  0  0  0  0  0
   -0.7175    1.8507    0.0000 N   0  0  0  0  0  0  0  0  0  0  0  0
   -0.0036    2.2643    0.0000 S   0  0  0  0  0  0  0  0  0  0  0  0
   -1.4327    2.2622    0.0000 C   0  0  0  0  0  0  0  0  0  0  0  0
   -1.4340    3.0872    0.0000 C   0  0  0  0  0  0  0  0  0  0  0  0
   -0.7202    3.5009    0.0000 C   0  0  0  0  0  0  0  0  0  0  0  0
   -2.1493    3.4987    0.0000 C   0  0  0  0  0  0  0  0  0  0  0  0
    0.7133    1.8580    0.0000 C   0  0  0  0  0  0  0  0  0  0  0  0
    0.7135    1.0338    0.0000 C   0  0  0  0  0  0  0  0  0  0  0  0
    1.4270    0.6245    0.0000 C   0  0  0  0  0  0  0  0  0  0  0  0
    2.1395    1.0387    0.0000 C   0  0  0  0  0  0  0  0  0  0  0  0
    2.1340    1.8662    0.0000 C   0  0  0  0  0  0  0  0  0  0  0  0
    1.4199    2.2715    0.0000 C   0  0  0  0  0  0  0  0  0  0  0  0
    2.8560    0.6294    0.0000 N   0  0  0  0  0  0  0  0  0  0  0  0
   -0.0088   -0.2129    0.0000 C   0  0  0  0  0  0  0  0  0  0  0  0
   -0.0116    0.6131    0.0000 O   0  0  0  0  0  0  0  0  0  0  0  0
    0.7176   -0.6147    0.0000 O   0  0  0  0  0  0  0  0  0  0  0  0
    0.7233   -1.4399    0.0000 C   0  0  1  0  0  0  0  0  0  0  0  0
    0.0605   -1.9289    0.0000 C   0  0  0  0  0  0  0  0  0  0  0  0
    0.3213   -2.7118    0.0000 O   0  0  0  0  0  0  0  0  0  0  0  0
    1.3955   -1.9191    0.0000 C   0  0  1  0  0  0  0  0  0  0  0  0
    1.1494   -2.7049    0.0000 C   0  0  2  0  0  0  0  0  0  0  0  0
    1.8206   -3.1817    0.0000 O   0  0  0  0  0  0  0  0  0  0  0  0
    2.4818   -2.6907    0.0000 C   0  0  0  0  0  0  0  0  0  0  0  0
    2.2189   -1.9104    0.0000 C   0  0  0  0  0  0  0  0  0  0  0  0
    1.5985   -1.1159    0.0000 H   0  0  0  0  0  0  0  0  0  0  0  0
    0.9389   -3.5009    0.0000 H   0  0  0  0  0  0  0  0  0  0  0  0
   -0.5862    2.8499    0.0000 O   0  0  0  0  0  0  0  0  0  0  0  0
    0.5865    2.8499    0.0000 O   0  0  0  0  0  0  0  0  0  0  0  0
   -2.1415   -1.4518    0.0000 C   0  0  0  0  0  0  0  0  0  0  0  0
   -2.8559   -1.8643    0.0000 C   0  0  0  0  0  0  0  0  0  0  0  0
   -2.8559   -2.6894    0.0000 C   0  0  0  0  0  0  0  0  0  0  0  0
   -2.1415   -3.1019    0.0000 C   0  0  0  0  0  0  0  0  0  0  0  0
   -1.4270   -2.6894    0.0000 C   0  0  0  0  0  0  0  0  0  0  0  0
   -1.4270   -1.8643    0.0000 C   0  0  0  0  0  0  0  0  0  0  0  0
  2  4  1  0  0  0  0
 13 14  2  0  0  0  0
  4  5  1  0  0  0  0
 14 15  1  0  0  0  0
 15 16  2  0  0  0  0
  4  6  1  6  0  0  0
 16 17  1  0  0  0  0
 17 18  2  0  0  0  0
 18 13  1  0  0  0  0
  5  7  1  0  0  0  0
 16 19  1  0  0  0  0
  3 20  1  0  0  0  0
  7  8  1  0  0  0  0
 20 21  2  0  0  0  0
 20 22  1  0  0  0  0
  7  9  1  0  0  0  0
 23 22  1  6  0  0  0
 23 24  1  0  0  0  0
  9 10  1  0  0  0  0
 24 25  1  0  0  0  0
 25 27  1  0  0  0  0
 26 23  1  0  0  0  0
 26 27  1  0  0  0  0
  1  2  1  0  0  0  0
 10 11  1  0  0  0  0
 10 12  1  0  0  0  0
  2  3  1  1  0  0  0
 27 28  1  0  0  0  0
 28 29  1  0  0  0  0
 29 30  1  0  0  0  0
 30 26  1  0  0  0  0
  8 13  1  0  0  0  0
 26 31  1  1  0  0  0
 27 32  1  1  0  0  0
  8 33  2  0  0  0  0
  8 34  2  0  0  0  0
  1 35  1  0  0  0  0
 35 36  2  0  0  0  0
 35 40  1  0  0  0  0
 36 37  1  0  0  0  0
 37 38  2  0  0  0  0
 38 39  1  0  0  0  0
 39 40  2  0  0  0  0
M  END
