
  Mrv1902 03051900142D          

 39 38  0  0  0  0            999 V2000
   -0.9937    0.9707    0.0000 C   0  0  0  0  0  0  0  0  0  0  0  0
    1.5187   -1.6915    0.0000 C   0  0  0  0  0  0  0  0  0  0  0  0
    2.6187    1.7000    0.0000 C   0  0  0  0  0  0  0  0  0  0  0  0
   -0.4062    1.5500    0.0000 N   0  0  0  0  0  0  0  0  0  0  0  0
    0.6937   -1.6915    0.0000 N   0  0  0  0  0  0  0  0  0  0  0  0
    3.0311    0.9833    0.0000 N   0  0  0  0  0  0  0  0  0  0  0  0
   -1.9979   -0.3249    0.0000 C   0  0  0  0  0  0  0  0  0  0  0  0
    3.1682   -1.8713    0.0000 C   0  0  0  0  0  0  0  0  0  0  0  0
    0.2770   -0.9792    0.0000 O   0  0  0  0  0  0  0  0  0  0  0  0
    2.6187    0.2707    0.0000 O   0  0  0  0  0  0  0  0  0  0  0  0
    0.4187    1.5458    0.0000 O   0  0  0  0  0  0  0  0  0  0  0  0
   -0.5854    0.2583    0.0000 O   0  0  0  0  0  0  0  0  0  0  0  0
    1.9270   -0.9792    0.0000 O   0  0  0  0  0  0  0  0  0  0  0  0
    1.7937    1.7000    0.0000 O   0  0  0  0  0  0  0  0  0  0  0  0
    1.9270   -2.4042    0.0000 C   0  0  0  0  0  0  0  0  0  0  0  0
   -1.8187    0.9707    0.0000 C   0  0  0  0  0  0  0  0  0  0  0  0
   -2.5854   -0.9042    0.0000 N   0  0  0  0  0  0  0  0  0  0  0  0
    3.8687   -2.1042    0.0000 N   0  0  0  0  0  0  0  0  0  0  0  0
   -2.4062    0.3875    0.0000 C   0  0  0  0  0  0  0  0  0  0  0  0
    2.7520   -2.4042    0.0000 C   0  0  0  0  0  0  0  0  0  0  0  0
   -4.5812    1.7375    0.0000 N   0  0  0  0  0  0  0  0  0  0  0  0
    3.0311    2.4125    0.0000 C   0  0  0  0  0  0  0  0  0  0  0  0
   -0.9937    2.1375    0.0000 C   0  0  0  0  0  0  0  0  0  0  0  0
    3.8561    0.9833    0.0000 C   0  0  0  0  0  0  0  0  0  0  0  0
    0.2812   -2.4125    0.0000 C   0  0  0  0  0  0  0  0  0  0  0  0
    4.5812   -1.6875    0.0000 C   0  0  0  0  0  0  0  0  0  0  0  0
   -2.3729   -1.7042    0.0000 C   0  0  0  0  0  0  0  0  0  0  0  0
   -3.8604    2.1458    0.0000 C   0  0  0  0  0  0  0  0  0  0  0  0
    4.2687    0.2707    0.0000 C   0  0  0  0  0  0  0  0  0  0  0  0
   -0.5437   -2.4125    0.0000 C   0  0  0  0  0  0  0  0  0  0  0  0
   -1.7104    1.7334    0.0000 C   0  0  0  0  0  0  0  0  0  0  0  0
   -1.6604   -2.1167    0.0000 C   0  0  0  0  0  0  0  0  0  0  0  0
    4.5812   -0.8625    0.0000 C   0  0  0  0  0  0  0  0  0  0  0  0
   -3.1437    1.7334    0.0000 C   0  0  0  0  0  0  0  0  0  0  0  0
   -0.9480   -1.7000    0.0000 C   0  0  0  0  0  0  0  0  0  0  0  0
   -2.4312    2.1458    0.0000 C   0  0  0  0  0  0  0  0  0  0  0  0
    3.8645   -0.4499    0.0000 C   0  0  0  0  0  0  0  0  0  0  0  0
   -1.2010   -0.5384    0.0000 O   0  0  0  0  0  0  0  0  0  0  0  0
    2.9547   -1.0744    0.0000 O   0  0  0  0  0  0  0  0  0  0  0  0
  2  5  1  0  0  0  0
  3  6  1  0  0  0  0
  4  1  1  0  0  0  0
  5 25  1  0  0  0  0
  6 24  1  0  0  0  0
  7 19  1  0  0  0  0
  8 20  1  0  0  0  0
  9  5  1  0  0  0  0
 10  6  1  0  0  0  0
 11  4  1  0  0  0  0
 12  1  2  0  0  0  0
 13  2  2  0  0  0  0
 14  3  2  0  0  0  0
 15  2  1  0  0  0  0
 16  1  1  0  0  0  0
 17  7  1  0  0  0  0
 18  8  1  0  0  0  0
 19 16  1  0  0  0  0
 20 15  1  0  0  0  0
 21 28  1  0  0  0  0
 22  3  1  0  0  0  0
 23  4  1  0  0  0  0
 24 29  1  0  0  0  0
 25 30  1  0  0  0  0
 26 18  1  0  0  0  0
 27 17  1  0  0  0  0
 28 34  1  0  0  0  0
 29 37  1  0  0  0  0
 30 35  1  0  0  0  0
 31 23  1  0  0  0  0
 32 27  1  0  0  0  0
 33 26  1  0  0  0  0
 34 36  1  0  0  0  0
 35 32  1  0  0  0  0
 36 31  1  0  0  0  0
 37 33  1  0  0  0  0
  7 38  2  0  0  0  0
  8 39  2  0  0  0  0
M  END
