
  Marvin  07041315392D          

 10  9  0  0  0  0            999 V2000
    6.7143   -8.1737    0.0000 C   0  0  0  0  0  0  0  0  0  0  0  0
    6.7143   -7.3646    0.0000 C   0  0  0  0  0  0  0  0  0  0  0  0
    6.0046   -8.5954    0.0000 C   0  0  0  0  0  0  0  0  0  0  0  0
    7.4205   -8.5954    0.0000 C   0  0  0  0  0  0  0  0  0  0  0  0
    6.0012   -6.9497    0.0000 C   0  0  0  0  0  0  0  0  0  0  0  0
    5.2949   -8.1737    0.0000 C   0  0  0  0  0  0  0  0  0  0  0  0
    7.4205   -9.4147    0.0000 N   0  0  0  0  0  0  0  0  0  0  0  0
    8.1302   -8.1737    0.0000 O   0  0  0  0  0  0  0  0  0  0  0  0
    4.5888   -8.5954    0.0000 C   0  0  0  0  0  0  0  0  0  0  0  0
    5.2769   -7.3650    0.0000 C   0  0  0  0  0  0  0  0  0  0  0  0
  1  2  1  0  0  0  0
  1  3  1  0  0  0  0
  1  4  1  0  0  0  0
  2  5  1  0  0  0  0
  3  6  1  0  0  0  0
  4  7  1  0  0  0  0
  4  8  2  0  0  0  0
  6  9  1  0  0  0  0
  5 10  1  0  0  0  0
M  END
