
  Mrv1572004101616462D          

 29 32  0  0  0  0            999 V2000
    0.0978    1.3644    0.0000 O   0  0  0  0  0  0  0  0  0  0  0  0
    3.0873    0.8340    0.0000 O   0  0  0  0  0  0  0  0  0  0  0  0
   -1.3346    1.3630    0.0000 N   0  0  0  0  0  0  0  0  0  0  0  0
    1.4576    0.8322    0.0000 N   0  0  0  0  0  0  0  0  0  0  0  0
   -0.5952    0.1212    0.0000 C   0  0  0  0  0  0  0  0  0  0  0  0
   -0.5961    0.9545    0.0000 C   0  0  0  0  0  0  0  0  0  0  0  0
   -1.4283    0.1205    0.0000 C   0  0  0  0  0  0  0  0  0  0  0  0
   -0.5943   -0.6826    0.0000 C   0  0  0  0  0  0  0  0  0  0  0  0
    0.2086    0.1220    0.0000 C   0  0  1  0  0  0  0  0  0  0  0  0
    0.1003   -1.1276    0.0000 C   0  0  0  0  0  0  0  0  0  0  0  0
   -1.8660   -0.5888    0.0000 C   0  0  0  0  0  0  0  0  0  0  0  0
   -1.8675    0.8289    0.0000 C   0  0  0  0  0  0  0  0  0  0  0  0
   -1.3321   -1.1291    0.0000 C   0  0  0  0  0  0  0  0  0  0  0  0
    0.6244    0.8315    0.0000 C   0  0  0  0  0  0  0  0  0  0  0  0
    0.6259   -0.5862    0.0000 C   0  0  0  0  0  0  0  0  0  0  0  0
   -2.0796    1.0406    0.0000 C   0  0  0  0  0  0  0  0  0  0  0  0
   -1.3939    2.1886    0.0000 C   0  0  0  0  0  0  0  0  0  0  0  0
    0.1011   -1.9315    0.0000 C   0  0  0  0  0  0  0  0  0  0  0  0
   -2.6628   -0.5895    0.0000 C   0  0  0  0  0  0  0  0  0  0  0  0
   -1.3313   -1.9329    0.0000 C   0  0  0  0  0  0  0  0  0  0  0  0
   -2.6642    0.8281    0.0000 C   0  0  0  0  0  0  0  0  0  0  0  0
   -2.2271    2.3414    0.0000 C   0  0  0  0  0  0  0  0  0  0  0  0
   -2.6065    1.6321    0.0000 C   0  0  0  0  0  0  0  0  0  0  0  0
   -3.0873    0.1188    0.0000 C   0  0  0  0  0  0  0  0  0  0  0  0
   -0.5928   -2.3414    0.0000 C   0  0  0  0  0  0  0  0  0  0  0  0
    1.8675    0.1238    0.0000 C   0  0  0  0  0  0  0  0  0  0  0  0
    1.8661    1.5781    0.0000 C   0  0  0  0  0  0  0  0  0  0  0  0
    2.6992    1.5790    0.0000 C   0  0  0  0  0  0  0  0  0  0  0  0
    2.7007    0.1246    0.0000 C   0  0  0  0  0  0  0  0  0  0  0  0
  1  6  2  0  0  0  0
  2 28  1  0  0  0  0
  2 29  1  0  0  0  0
  3  6  1  0  0  0  0
  3 16  1  0  0  0  0
  3 17  1  0  0  0  0
  4 14  1  0  0  0  0
  4 26  1  0  0  0  0
  4 27  1  0  0  0  0
  5  6  1  0  0  0  0
  5  7  1  0  0  0  0
  5  8  1  0  0  0  0
  5  9  1  0  0  0  0
  7 11  2  0  0  0  0
  7 12  1  0  0  0  0
  8 10  2  0  0  0  0
  8 13  1  0  0  0  0
  9 14  1  0  0  0  0
  9 15  1  1  0  0  0
 10 18  1  0  0  0  0
 11 19  1  0  0  0  0
 12 21  2  0  0  0  0
 13 20  2  0  0  0  0
 16 23  1  0  0  0  0
 17 22  1  0  0  0  0
 18 25  2  0  0  0  0
 19 24  2  0  0  0  0
 20 25  1  0  0  0  0
 21 24  1  0  0  0  0
 22 23  1  0  0  0  0
 26 29  1  0  0  0  0
 27 28  1  0  0  0  0
M  END
