
  Mrv1909 01092019232D          

 21 24  0  0  0  0            999 V2000
    0.8375   -0.7122    0.0000 C   0  0  2  0  0  0  0  0  0  0  0  0
    0.0215   -0.7194    0.0000 C   0  0  0  0  0  0  0  0  0  0  0  0
    1.1920   -0.0537    0.0000 C   0  0  1  0  0  0  0  0  0  0  0  0
    1.7540   -0.4044    0.0000 C   0  0  0  0  0  0  0  0  0  0  0  0
    1.1740   -1.4747    0.0000 C   0  0  0  0  0  0  0  0  0  0  0  0
   -0.3937   -0.0715    0.0000 C   0  0  0  0  0  0  0  0  0  0  0  0
   -0.3937   -1.4460    0.0000 C   0  0  0  0  0  0  0  0  0  0  0  0
    0.8126    0.6586    0.0000 C   0  0  2  0  0  0  0  0  0  0  0  0
    2.0403   -0.0537    0.0000 C   0  0  0  0  0  0  0  0  0  0  0  0
    1.7540    0.9843    0.0000 C   0  0  0  0  0  0  0  0  0  0  0  0
    2.0546   -1.4747    0.0000 C   0  0  0  0  0  0  0  0  0  0  0  0
    0.0071    0.6442    0.0000 C   0  0  0  0  0  0  0  0  0  0  0  0
   -1.1812   -0.0715    0.0000 C   0  0  0  0  0  0  0  0  0  0  0  0
   -1.2312   -1.4604    0.0000 C   0  0  0  0  0  0  0  0  0  0  0  0
    0.8912    1.3781    0.0000 N   0  0  0  0  0  0  0  0  0  0  0  0
    2.4913   -0.7445    0.0000 C   0  0  0  0  0  0  0  0  0  0  0  0
   -1.6393   -0.7445    0.0000 C   0  0  0  0  0  0  0  0  0  0  0  0
   -1.6572   -2.1834    0.0000 O   0  0  0  0  0  0  0  0  0  0  0  0
    0.6156    2.1834    0.0000 C   0  0  0  0  0  0  0  0  0  0  0  0
   -2.4913   -2.1834    0.0000 C   0  0  0  0  0  0  0  0  0  0  0  0
    0.4009   -0.0501    0.0000 H   0  0  0  0  0  0  0  0  0  0  0  0
  1  2  1  0  0  0  0
  1  3  1  0  0  0  0
  1  4  1  6  0  0  0
  1  5  1  0  0  0  0
  2  6  2  0  0  0  0
  2  7  1  0  0  0  0
  3  8  1  0  0  0  0
  3  9  1  0  0  0  0
  4 10  1  0  0  0  0
  5 11  1  0  0  0  0
  6 12  1  0  0  0  0
  6 13  1  0  0  0  0
  7 14  2  0  0  0  0
  8 15  1  6  0  0  0
  9 16  1  0  0  0  0
 13 17  2  0  0  0  0
 14 18  1  0  0  0  0
 15 19  1  0  0  0  0
 18 20  1  0  0  0  0
  8 12  1  0  0  0  0
 10 15  1  0  0  0  0
 11 16  1  0  0  0  0
 14 17  1  0  0  0  0
  3 21  1  6  0  0  0
M  END
