
  Mrv1909 02052022532D          

 20 20  0  0  0  0            999 V2000
   -0.3602    1.0276    0.0000 C   0  0  0  0  0  0  0  0  0  0  0  0
    0.3543    1.4398    0.0000 C   0  0  0  0  0  0  0  0  0  0  0  0
   -0.3602    0.2021    0.0000 C   0  0  0  0  0  0  0  0  0  0  0  0
   -1.0749    1.4408    0.0000 N   0  0  0  0  0  0  0  0  0  0  0  0
    1.0688    1.0265    0.0000 C   0  0  0  0  0  0  0  0  0  0  0  0
    0.3555    2.2700    0.0000 I   0  0  0  0  0  0  0  0  0  0  0  0
    0.3513   -0.2127    0.0000 C   0  0  0  0  0  0  0  0  0  0  0  0
   -1.0766   -0.2070    0.0000 I   0  0  0  0  0  0  0  0  0  0  0  0
   -1.7902    1.0358    0.0000 C   0  0  0  0  0  0  0  0  0  0  0  0
    1.0659    0.1994    0.0000 C   0  0  0  0  0  0  0  0  0  0  0  0
    1.7834    1.4388    0.0000 C   0  0  0  0  0  0  0  0  0  0  0  0
    0.3572   -1.0348    0.0000 N   0  0  0  0  0  0  0  0  0  0  0  0
   -2.4980    1.4455    0.0000 C   0  0  0  0  0  0  0  0  0  0  0  0
   -1.7944    0.2074    0.0000 O   0  0  0  0  0  0  0  0  0  0  0  0
    1.7894   -0.2086    0.0000 I   0  0  0  0  0  0  0  0  0  0  0  0
    1.7834    2.2643    0.0000 O   0  0  0  0  0  0  0  0  0  0  0  0
    2.4980    1.0257    0.0000 O   0  0  0  0  0  0  0  0  0  0  0  0
    1.0700   -1.4450    0.0000 C   0  0  0  0  0  0  0  0  0  0  0  0
    1.7802   -1.0338    0.0000 C   0  0  0  0  0  0  0  0  0  0  0  0
    1.0694   -2.2700    0.0000 O   0  0  0  0  0  0  0  0  0  0  0  0
  1  2  1  0  0  0  0
  1  3  2  0  0  0  0
  1  4  1  0  0  0  0
  2  5  2  0  0  0  0
  2  6  1  0  0  0  0
  3  7  1  0  0  0  0
  3  8  1  0  0  0  0
  4  9  1  0  0  0  0
  5 10  1  0  0  0  0
  5 11  1  0  0  0  0
  7 12  1  0  0  0  0
  9 13  1  0  0  0  0
  9 14  2  0  0  0  0
 10 15  1  0  0  0  0
 11 16  2  0  0  0  0
 11 17  1  0  0  0  0
 12 18  1  0  0  0  0
 18 19  1  0  0  0  0
 18 20  2  0  0  0  0
  7 10  2  0  0  0  0
M  END
