
  Mrv1572009231512172D          

 25 28  0  0  0  0            999 V2000
   -0.3957   -0.5343    0.0000 C   0  0  0  0  0  0  0  0  0  0  0  0
    0.2736   -0.9524    0.0000 C   0  0  1  0  0  0  0  0  0  0  0  0
   -0.3957    0.3024    0.0000 C   0  0  0  0  0  0  0  0  0  0  0  0
   -1.1485   -0.9524    0.0000 C   0  0  0  0  0  0  0  0  0  0  0  0
    0.2736   -1.7473    0.0000 C   0  0  0  0  0  0  0  0  0  0  0  0
    0.3155    0.6788    0.0000 C   0  0  0  0  0  0  0  0  0  0  0  0
   -1.1485   -1.7473    0.0000 C   0  0  0  0  0  0  0  0  0  0  0  0
   -1.8178   -0.5343    0.0000 C   0  0  0  0  0  0  0  0  0  0  0  0
   -0.4374   -2.1656    0.0000 C   0  0  0  0  0  0  0  0  0  0  0  0
   -1.8178   -2.1656    0.0000 C   0  0  0  0  0  0  0  0  0  0  0  0
   -2.5290   -0.9524    0.0000 C   0  0  0  0  0  0  0  0  0  0  0  0
   -2.5290   -1.7473    0.0000 C   0  0  0  0  0  0  0  0  0  0  0  0
   -3.2402   -2.1656    0.0000 O   0  0  0  0  0  0  0  0  0  0  0  0
    0.2736   -0.0321    0.0000 H   0  0  0  0  0  0  0  0  0  0  0  0
    1.0266    1.2645    0.0000 C   0  0  0  0  0  0  0  0  0  0  0  0
    1.0685   -1.3708    0.0000 H   0  0  0  0  0  0  0  0  0  0  0  0
    1.8112    0.5155    0.0000 C   0  0  1  0  0  0  0  0  0  0  0  0
    1.0266    0.2606    0.0000 C   0  0  2  0  0  0  0  0  0  0  0  0
    1.0267   -0.5343    0.0000 C   0  0  1  0  0  0  0  0  0  0  0  0
    1.8113   -0.8192    0.0000 C   0  0  0  0  0  0  0  0  0  0  0  0
    2.2962   -0.1517    0.0000 C   0  0  0  0  0  0  0  0  0  0  0  0
    1.8112    1.3405    0.0000 C   0  0  0  0  0  0  0  0  0  0  0  0
    2.5257    1.7530    0.0000 C   0  0  0  0  0  0  0  0  0  0  0  0
    3.2402    2.1656    0.0000 N   0  0  0  0  0  0  0  0  0  0  0  0
    2.5257    0.9280    0.0000 O   0  0  0  0  0  0  0  0  0  0  0  0
  1  2  1  0  0  0  0
  1  3  1  0  0  0  0
  1  4  2  0  0  0  0
  2  5  1  0  0  0  0
  3  6  1  0  0  0  0
  4  7  1  0  0  0  0
  4  8  1  0  0  0  0
  5  9  1  0  0  0  0
  7 10  2  0  0  0  0
  8 11  1  0  0  0  0
 10 12  1  0  0  0  0
 12 13  2  0  0  0  0
  6 18  1  0  0  0  0
  7  9  1  0  0  0  0
 11 12  1  0  0  0  0
  2 14  1  1  0  0  0
 18 15  1  1  0  0  0
  2 19  1  0  0  0  0
 19 16  1  6  0  0  0
 17 18  1  0  0  0  0
 19 20  1  0  0  0  0
 20 21  1  0  0  0  0
 17 21  1  0  0  0  0
 18 19  1  0  0  0  0
 17 22  1  0  0  0  0
 22 23  1  0  0  0  0
 23 24  3  0  0  0  0
 17 25  1  1  0  0  0
M  END
