
  Mrv0541 04191212122D          

 58 65  0  0  1  0            999 V2000
   13.3011   -7.7044    0.0000 O   0  0  0  0  0  0  0  0  0  0  0  0
   14.0047   -7.2489    0.0000 C   0  0  2  0  0  0  0  0  0  0  0  0
   14.7192   -7.6614    0.0000 C   0  0  0  0  0  0  0  0  0  0  0  0
   15.4336   -7.2489    0.0000 C   0  0  2  0  0  0  0  0  0  0  0  0
   15.4336   -6.4239    0.0000 C   0  0  2  0  0  0  0  0  0  0  0  0
   14.7192   -6.0114    0.0000 C   0  0  0  0  0  0  0  0  0  0  0  0
   14.0047   -6.4239    0.0000 C   0  0  0  0  0  0  0  0  0  0  0  0
   16.1481   -7.6614    0.0000 C   0  0  0  0  0  0  0  0  0  0  0  0
   16.8626   -7.2489    0.0000 C   0  0  0  0  0  0  0  0  0  0  0  0
   16.8626   -6.4239    0.0000 C   0  0  2  0  0  0  0  0  0  0  0  0
   16.1481   -6.0114    0.0000 C   0  0  2  0  0  0  0  0  0  0  0  0
   17.5770   -6.0114    0.0000 C   0  0  2  0  0  0  0  0  0  0  0  0
   17.5770   -5.1864    0.0000 C   0  0  2  0  0  0  0  0  0  0  0  0
   16.8626   -4.7739    0.0000 C   0  0  1  0  0  0  0  0  0  0  0  0
   16.1481   -5.1864    0.0000 C   0  0  0  0  0  0  0  0  0  0  0  0
   18.3616   -6.2663    0.0000 C   0  0  0  0  0  0  0  0  0  0  0  0
   18.8466   -5.5989    0.0000 C   0  0  0  0  0  0  0  0  0  0  0  0
   18.3616   -4.9315    0.0000 C   0  0  2  0  0  0  0  0  0  0  0  0
   18.6204   -4.1342    0.0000 C   0  0  0  0  0  0  0  0  0  0  0  0
   19.4518   -4.1509    0.0000 C   0  0  0  0  0  0  0  0  0  0  0  0
   19.7255   -3.3679    0.0000 C   0  0  0  0  0  0  0  0  0  0  0  0
   19.0655   -2.8656    0.0000 O   0  0  0  0  0  0  0  0  0  0  0  0
   18.3839   -3.3380    0.0000 C   0  0  0  0  0  0  0  0  0  0  0  0
   20.5063   -3.1334    0.0000 O   0  0  0  0  0  0  0  0  0  0  0  0
   17.5770   -4.3614    0.0000 C   0  0  0  0  0  0  0  0  0  0  0  0
   17.5770   -6.8364    0.0000 O   0  0  0  0  0  0  0  0  0  0  0  0
   16.8626   -5.5989    0.0000 H   0  0  0  0  0  0  0  0  0  0  0  0
   15.4336   -5.5989    0.0000 C   0  0  0  0  0  0  0  0  0  0  0  0
   15.4336   -8.0739    0.0000 H   0  0  0  0  0  0  0  0  0  0  0  0
   16.1481   -6.8364    0.0000 H   0  0  0  0  0  0  0  0  0  0  0  0
   12.5632   -7.3271    0.0000 C   0  0  2  0  0  0  0  0  0  0  0  0
   12.5632   -6.5021    0.0000 O   0  0  0  0  0  0  0  0  0  0  0  0
   11.8487   -6.0896    0.0000 C   0  0  1  0  0  0  0  0  0  0  0  0
   11.1342   -6.5021    0.0000 C   0  0  2  0  0  0  0  0  0  0  0  0
   11.1342   -7.3271    0.0000 C   0  0  2  0  0  0  0  0  0  0  0  0
   11.8487   -7.7396    0.0000 C   0  0  0  0  0  0  0  0  0  0  0  0
   10.4197   -6.0896    0.0000 O   0  0  0  0  0  0  0  0  0  0  0  0
    9.7053   -6.5021    0.0000 C   0  0  2  0  0  0  0  0  0  0  0  0
    9.7053   -7.3271    0.0000 O   0  0  0  0  0  0  0  0  0  0  0  0
   10.4197   -7.7396    0.0000 O   0  0  0  0  0  0  0  0  0  0  0  0
    8.9908   -6.0896    0.0000 C   0  0  0  0  0  0  0  0  0  0  0  0
    8.2764   -6.5021    0.0000 C   0  0  1  0  0  0  0  0  0  0  0  0
    8.2764   -7.3271    0.0000 C   0  0  1  0  0  0  0  0  0  0  0  0
    8.9908   -7.7396    0.0000 C   0  0  1  0  0  0  0  0  0  0  0  0
    7.5618   -6.0896    0.0000 O   0  0  0  0  0  0  0  0  0  0  0  0
    6.8474   -6.5021    0.0000 O   0  0  0  0  0  0  0  0  0  0  0  0
    6.8474   -7.3271    0.0000 C   0  0  1  0  0  0  0  0  0  0  0  0
    7.5618   -7.7396    0.0000 O   0  0  0  0  0  0  0  0  0  0  0  0
    6.1330   -6.0896    0.0000 C   0  0  1  0  0  0  0  0  0  0  0  0
    5.4185   -6.5021    0.0000 C   0  0  2  0  0  0  0  0  0  0  0  0
    5.4185   -7.3271    0.0000 C   0  0  2  0  0  0  0  0  0  0  0  0
    6.1330   -7.7396    0.0000 C   0  0  0  0  0  0  0  0  0  0  0  0
    4.7040   -6.0896    0.0000 O   0  0  0  0  0  0  0  0  0  0  0  0
    4.7040   -7.7396    0.0000 O   0  0  0  0  0  0  0  0  0  0  0  0
   11.8485   -5.2533    0.0000 C   0  0  0  0  0  0  0  0  0  0  0  0
    8.9906   -8.5530    0.0000 C   0  0  0  0  0  0  0  0  0  0  0  0
    6.1330   -5.2532    0.0000 C   0  0  0  0  0  0  0  0  0  0  0  0
   16.8626   -3.9480    0.0000 O   0  0  0  0  0  0  0  0  0  0  0  0
  2  1  1  1  0  0  0
  2  3  1  0  0  0  0
  3  4  1  0  0  0  0
  4  5  1  0  0  0  0
  5  6  1  0  0  0  0
  6  7  1  0  0  0  0
  2  7  1  0  0  0  0
  4  8  1  0  0  0  0
  8  9  1  0  0  0  0
  9 10  1  0  0  0  0
 10 11  1  0  0  0  0
  5 11  1  0  0  0  0
 10 12  1  0  0  0  0
 12 13  1  0  0  0  0
 13 14  1  0  0  0  0
 14 15  1  0  0  0  0
 11 15  1  0  0  0  0
 12 16  1  0  0  0  0
 16 17  1  0  0  0  0
 17 18  1  0  0  0  0
 13 18  1  0  0  0  0
 18 19  1  1  0  0  0
 19 20  2  0  0  0  0
 20 21  1  0  0  0  0
 21 22  1  0  0  0  0
 22 23  1  0  0  0  0
 19 23  1  0  0  0  0
 21 24  2  0  0  0  0
 13 25  1  1  0  0  0
 12 26  1  1  0  0  0
 10 27  1  1  0  0  0
  5 28  1  1  0  0  0
  4 29  1  1  0  0  0
 11 30  1  6  0  0  0
 31  1  1  1  0  0  0
 31 32  1  0  0  0  0
 32 33  1  0  0  0  0
 33 34  1  0  0  0  0
 34 35  1  0  0  0  0
 35 36  1  0  0  0  0
 31 36  1  0  0  0  0
 34 37  1  6  0  0  0
 38 37  1  6  0  0  0
 38 39  1  0  0  0  0
 35 40  1  6  0  0  0
 38 41  1  0  0  0  0
 41 42  1  0  0  0  0
 42 43  1  0  0  0  0
 43 44  1  0  0  0  0
 39 44  1  0  0  0  0
 42 45  1  1  0  0  0
 46 47  1  0  0  0  0
 47 48  1  1  0  0  0
 43 48  1  1  0  0  0
 46 49  1  0  0  0  0
 49 50  1  0  0  0  0
 50 51  1  0  0  0  0
 51 52  1  0  0  0  0
 47 52  1  0  0  0  0
 50 53  1  6  0  0  0
 51 54  1  6  0  0  0
 33 55  1  1  0  0  0
 44 56  1  6  0  0  0
 49 57  1  1  0  0  0
 14 58  1  1  0  0  0
M  END
