
  Mrv1909 03062000252D          

 24 28  0  0  0  0            999 V2000
    0.8545   -0.6643    0.0000 C   0  0  1  0  0  0  0  0  0  0  0  0
    0.0332   -0.6643    0.0000 C   0  0  0  0  0  0  0  0  0  0  0  0
   -0.3757   -1.3620    0.0000 C   0  0  0  0  0  0  0  0  0  0  0  0
    1.2636   -1.3842    0.0000 C   0  0  1  0  0  0  0  0  0  0  0  0
    1.2796    0.0460    0.0000 C   0  0  2  0  0  0  0  0  0  0  0  0
    0.4392   -1.8536    0.0000 O   0  0  0  0  0  0  0  0  0  0  0  0
    0.8545    0.7404    0.0000 C   0  0  1  0  0  0  0  0  0  0  0  0
   -0.3757    0.0492    0.0000 C   0  0  0  0  0  0  0  0  0  0  0  0
    0.0332    0.7689    0.0000 C   0  0  0  0  0  0  0  0  0  0  0  0
    1.2509    1.3842    0.0000 N   0  0  0  0  0  0  0  0  0  0  0  0
    1.4413   -0.6643    0.0000 C   0  0  0  0  0  0  0  0  0  0  0  0
    2.1072    0.0492    0.0000 C   0  0  0  0  0  0  0  0  0  0  0  0
   -1.1940   -1.3620    0.0000 C   0  0  0  0  0  0  0  0  0  0  0  0
    2.0977   -1.3905    0.0000 C   0  0  2  0  0  0  0  0  0  0  0  0
    2.3991    1.3842    0.0000 C   0  0  0  0  0  0  0  0  0  0  0  0
   -1.1875    0.0492    0.0000 C   0  0  0  0  0  0  0  0  0  0  0  0
    2.5162   -0.6738    0.0000 C   0  0  0  0  0  0  0  0  0  0  0  0
   -1.5967   -0.6516    0.0000 C   0  0  0  0  0  0  0  0  0  0  0  0
    2.5416   -2.1737    0.0000 O   0  0  0  0  0  0  0  0  0  0  0  0
   -1.6442   -2.1390    0.0000 O   0  0  0  0  0  0  0  0  0  0  0  0
    1.2478    2.2816    0.0000 C   0  0  0  0  0  0  0  0  0  0  0  0
   -2.5416   -2.1390    0.0000 C   0  0  0  0  0  0  0  0  0  0  0  0
    0.3821    0.0524    0.0000 H   0  0  0  0  0  0  0  0  0  0  0  0
    1.2606   -2.2816    0.0000 H   0  0  0  0  0  0  0  0  0  0  0  0
  2  1  1  0  0  0  0
  3  2  2  0  0  0  0
  4  1  1  0  0  0  0
  5  1  1  0  0  0  0
  6  4  1  0  0  0  0
  7  5  1  0  0  0  0
  8  2  1  0  0  0  0
  9  8  1  0  0  0  0
 10 15  1  0  0  0  0
  1 11  1  1  0  0  0
 12  5  1  0  0  0  0
 13  3  1  0  0  0  0
 14  4  1  0  0  0  0
 15 11  1  0  0  0  0
 16  8  2  0  0  0  0
 17 12  1  0  0  0  0
 18 13  2  0  0  0  0
 14 19  1  6  0  0  0
 20 13  1  0  0  0  0
 21 10  1  0  0  0  0
 22 20  1  0  0  0  0
  5 23  1  1  0  0  0
  4 24  1  1  0  0  0
  6  3  1  0  0  0  0
  7  9  1  0  0  0  0
  7 10  1  1  0  0  0
 17 14  1  0  0  0  0
 16 18  1  0  0  0  0
M  END
