
  Mrv1572004091622202D          

 28 32  0  0  0  0            999 V2000
    0.9481   -1.5735    0.0000 C   0  0  1  0  0  0  0  0  0  0  0  0
    1.6626   -1.1611    0.0000 N   0  0  0  0  0  0  0  0  0  0  0  0
    1.6626   -0.3360    0.0000 C   0  0  2  0  0  0  0  0  0  0  0  0
    0.9481    0.0764    0.0000 C   0  0  0  0  0  0  0  0  0  0  0  0
    0.2337   -0.3360    0.0000 C   0  0  2  0  0  0  0  0  0  0  0  0
    0.2337   -1.1611    0.0000 C   0  0  0  0  0  0  0  0  0  0  0  0
    2.3771    0.0764    0.0000 C   0  0  0  0  0  0  0  0  0  0  0  0
    3.0916   -0.3360    0.0000 C   0  0  2  0  0  0  0  0  0  0  0  0
    3.0916   -1.1611    0.0000 C   0  0  0  0  0  0  0  0  0  0  0  0
    2.3771   -1.5735    0.0000 C   0  0  0  0  0  0  0  0  0  0  0  0
    3.8060   -1.5734    0.0000 O   0  0  0  0  0  0  0  0  0  0  0  0
    3.8060    0.0765    0.0000 H   0  0  0  0  0  0  0  0  0  0  0  0
    1.6626    0.4888    0.0000 H   0  0  0  0  0  0  0  0  0  0  0  0
   -0.4807   -0.7486    0.0000 H   0  0  0  0  0  0  0  0  0  0  0  0
   -0.1787    0.3783    0.0000 O   0  0  0  0  0  0  0  0  0  0  0  0
   -1.0037    0.3783    0.0000 C   0  0  0  0  0  0  0  0  0  0  0  0
   -1.4162    1.0928    0.0000 C   0  0  0  0  0  0  0  0  0  0  0  0
   -1.4162   -0.3360    0.0000 O   0  0  0  0  0  0  0  0  0  0  0  0
   -1.0807    1.8465    0.0000 C   0  0  0  0  0  0  0  0  0  0  0  0
   -1.6938    2.3986    0.0000 N   0  0  0  0  0  0  0  0  0  0  0  0
   -2.4082    1.9861    0.0000 C   0  0  0  0  0  0  0  0  0  0  0  0
   -2.2367    1.1791    0.0000 C   0  0  0  0  0  0  0  0  0  0  0  0
   -3.1929    2.2410    0.0000 C   0  0  0  0  0  0  0  0  0  0  0  0
   -3.8060    1.6890    0.0000 C   0  0  0  0  0  0  0  0  0  0  0  0
   -3.6344    0.8820    0.0000 C   0  0  0  0  0  0  0  0  0  0  0  0
   -2.8498    0.6270    0.0000 C   0  0  0  0  0  0  0  0  0  0  0  0
    0.9481   -2.3986    0.0000 H   0  0  0  0  0  0  0  0  0  0  0  0
    1.5891   -1.9258    0.0000 C   0  0  0  0  0  0  0  0  0  0  0  0
  1  2  1  0  0  0  0
  3  4  1  0  0  0  0
  4  5  1  0  0  0  0
  5  6  1  0  0  0  0
  6  1  1  0  0  0  0
 10  2  1  0  0  0  0
  2  3  1  0  0  0  0
  3  7  1  0  0  0  0
  7  8  1  0  0  0  0
  8  9  1  0  0  0  0
  9 10  1  0  0  0  0
  9 11  2  0  0  0  0
  8 12  1  1  0  0  0
  3 13  1  1  0  0  0
  5 14  1  1  0  0  0
  5 15  1  0  0  0  0
 15 16  1  0  0  0  0
 16 17  1  0  0  0  0
 16 18  2  0  0  0  0
 17 19  2  0  0  0  0
 17 22  1  0  0  0  0
 19 20  1  0  0  0  0
 20 21  1  0  0  0  0
 21 23  1  0  0  0  0
 22 21  2  0  0  0  0
 26 22  1  0  0  0  0
 23 24  2  0  0  0  0
 24 25  1  0  0  0  0
 25 26  2  0  0  0  0
  1 27  1  1  0  0  0
  1 28  1  0  0  0  0
  8 28  1  0  0  0  0
M  END
