
  Mrv1902 04091919532D          

 22 24  0  0  0  0            999 V2000
    0.0000    0.7463    0.0000 C   0  0  0  0  0  0  0  0  0  0  0  0
   -0.7433    1.1043    0.0000 C   0  0  0  0  0  0  0  0  0  0  0  0
    0.7433    1.1043    0.0000 C   0  0  0  0  0  0  0  0  0  0  0  0
   -0.9268    1.9086    0.0000 C   0  0  0  0  0  0  0  0  0  0  0  0
   -1.3480    0.5431    0.0000 C   0  0  0  0  0  0  0  0  0  0  0  0
    0.9269    1.9086    0.0000 C   0  0  0  0  0  0  0  0  0  0  0  0
    1.3481    0.5431    0.0000 C   0  0  0  0  0  0  0  0  0  0  0  0
    0.7145   -0.4911    0.0000 C   0  0  0  0  0  0  0  0  0  0  0  0
   -0.4125    2.5536    0.0000 C   0  0  0  0  0  0  0  0  0  0  0  0
   -1.7152    2.1518    0.0000 C   0  0  0  0  0  0  0  0  0  0  0  0
   -2.1364    0.7863    0.0000 C   0  0  0  0  0  0  0  0  0  0  0  0
    0.4125    2.5536    0.0000 O   0  0  0  0  0  0  0  0  0  0  0  0
    1.7153    2.1518    0.0000 C   0  0  0  0  0  0  0  0  0  0  0  0
    2.1364    0.7863    0.0000 C   0  0  0  0  0  0  0  0  0  0  0  0
    0.7145   -1.3161    0.0000 C   0  0  0  0  0  0  0  0  0  0  0  0
   -2.3200    1.5906    0.0000 C   0  0  0  0  0  0  0  0  0  0  0  0
    2.3200    1.5906    0.0000 C   0  0  0  0  0  0  0  0  0  0  0  0
    1.4290   -1.7286    0.0000 N   0  0  0  0  0  0  0  0  0  0  0  0
    2.1434   -1.3161    0.0000 C   0  0  0  0  0  0  0  0  0  0  0  0
    1.4290   -2.5536    0.0000 C   0  0  0  0  0  0  0  0  0  0  0  0
    0.0000   -0.0786    0.0000 C   0  0  0  0  0  0  0  0  0  0  0  0
   -0.7145   -0.4911    0.0000 H   0  0  0  0  0  0  0  0  0  0  0  0
  1  2  1  0  0  0  0
  1  3  1  0  0  0  0
  1 21  2  0  0  0  0
  2  4  1  0  0  0  0
  2  5  2  0  0  0  0
  3  6  1  0  0  0  0
  3  7  2  0  0  0  0
 21  8  1  0  0  0  0
  4  9  1  0  0  0  0
  4 10  2  0  0  0  0
  5 11  1  0  0  0  0
  6 12  1  0  0  0  0
  6 13  2  0  0  0  0
  7 14  1  0  0  0  0
  8 15  1  0  0  0  0
 10 16  1  0  0  0  0
 13 17  1  0  0  0  0
 15 18  1  0  0  0  0
 18 19  1  0  0  0  0
 18 20  1  0  0  0  0
  9 12  1  0  0  0  0
 11 16  2  0  0  0  0
 14 17  2  0  0  0  0
 21 22  1  4  0  0  0
M  END
