
  Mrv1909 02012020062D          

 17 18  0  0  0  0            999 V2000
   -0.0132    0.1577    0.0000 N   0  0  0  0  0  0  0  0  0  0  0  0
    0.6965    0.5782    0.0000 C   0  0  0  0  0  0  0  0  0  0  0  0
    0.6965    1.3933    0.0000 N   0  0  0  0  0  0  0  0  0  0  0  0
   -0.7229    0.5783    0.0000 C   0  0  0  0  0  0  0  0  0  0  0  0
   -0.7229    1.3933    0.0000 C   0  0  0  0  0  0  0  0  0  0  0  0
   -0.0132    1.8139    0.0000 C   0  0  0  0  0  0  0  0  0  0  0  0
    0.3548   -1.9453    0.0000 C   0  0  1  0  0  0  0  0  0  0  0  0
    0.6440   -1.1567    0.0000 C   0  0  2  0  0  0  0  0  0  0  0  0
   -0.0132   -0.6572    0.0000 C   0  0  1  0  0  0  0  0  0  0  0  0
   -0.6703   -1.1567    0.0000 O   0  0  0  0  0  0  0  0  0  0  0  0
   -0.4337   -1.9453    0.0000 C   0  0  2  0  0  0  0  0  0  0  0  0
   -0.9070   -2.6026    0.0000 C   0  0  0  0  0  0  0  0  0  0  0  0
    1.4327   -0.9464    0.0000 O   0  0  0  0  0  0  0  0  0  0  0  0
    0.8281   -2.6289    0.0000 O   0  0  0  0  0  0  0  0  0  0  0  0
    1.4327    0.1577    0.0000 O   0  0  0  0  0  0  0  0  0  0  0  0
   -0.0132    2.6289    0.0000 O   0  0  0  0  0  0  0  0  0  0  0  0
   -1.4327    1.8139    0.0000 F   0  0  0  0  0  0  0  0  0  0  0  0
  2  1  1  0  0  0  0
  4  1  1  0  0  0  0
  9  1  1  1  0  0  0
  3  2  1  0  0  0  0
 15  2  2  0  0  0  0
  6  3  1  0  0  0  0
  5  4  2  0  0  0  0
  6  5  1  0  0  0  0
 17  5  1  0  0  0  0
 16  6  2  0  0  0  0
 11  7  1  0  0  0  0
  8  7  1  0  0  0  0
  7 14  1  6  0  0  0
  9  8  1  0  0  0  0
  8 13  1  6  0  0  0
 10  9  1  0  0  0  0
 11 10  1  0  0  0  0
 11 12  1  1  0  0  0
M  END
