
  Mrv1909 01272020522D          

 20 22  0  0  0  0            999 V2000
    0.7181   -0.0336    0.0000 C   0  0  0  0  0  0  0  0  0  0  0  0
   -0.6988   -0.0336    0.0000 N   0  0  0  0  0  0  0  0  0  0  0  0
    1.4362    1.1904    0.0000 N   0  0  0  0  0  0  0  0  0  0  0  0
   -1.4122   -0.4386    0.0000 C   0  0  0  0  0  0  0  0  0  0  0  0
    2.1495   -0.0336    0.0000 C   0  0  0  0  0  0  0  0  0  0  0  0
    0.7181    0.7760    0.0000 C   0  0  0  0  0  0  0  0  0  0  0  0
    2.1495    0.7760    0.0000 N   0  0  0  0  0  0  0  0  0  0  0  0
    1.4362   -0.4386    0.0000 C   0  0  0  0  0  0  0  0  0  0  0  0
    0.0096   -0.4386    0.0000 C   0  0  0  0  0  0  0  0  0  0  0  0
    2.8580   -0.4386    0.0000 N   0  0  0  0  0  0  0  0  0  0  0  0
    0.0096    1.1904    0.0000 C   0  0  0  0  0  0  0  0  0  0  0  0
   -0.6988    0.7760    0.0000 C   0  0  0  0  0  0  0  0  0  0  0  0
   -1.4266   -1.2675    0.0000 O   0  0  0  0  0  0  0  0  0  0  0  0
   -2.1303   -0.0192    0.0000 C   0  0  0  0  0  0  0  0  0  0  0  0
    3.5907   -0.4386    0.0000 N   0  0  0  0  0  0  0  0  0  0  0  0
   -2.1303    0.8338    0.0000 C   0  0  0  0  0  0  0  0  0  0  0  0
   -2.8676   -0.4144    0.0000 C   0  0  0  0  0  0  0  0  0  0  0  0
   -2.8388    1.2675    0.0000 C   0  0  0  0  0  0  0  0  0  0  0  0
   -3.5907    0.0047    0.0000 C   0  0  0  0  0  0  0  0  0  0  0  0
   -3.5907    0.8483    0.0000 C   0  0  0  0  0  0  0  0  0  0  0  0
  2  9  1  0  0  0  0
  3  6  2  0  0  0  0
  4  2  1  0  0  0  0
  5  8  1  0  0  0  0
  6  1  1  0  0  0  0
  7  5  1  0  0  0  0
  8  1  2  0  0  0  0
  9  1  1  0  0  0  0
 10  5  2  0  0  0  0
 11  6  1  0  0  0  0
 12  2  1  0  0  0  0
 13  4  2  0  0  0  0
 14  4  1  0  0  0  0
 15 10  1  0  0  0  0
 16 14  2  0  0  0  0
 17 14  1  0  0  0  0
 18 16  1  0  0  0  0
 19 17  2  0  0  0  0
 20 18  2  0  0  0  0
 12 11  1  0  0  0  0
  7  3  1  0  0  0  0
 19 20  1  0  0  0  0
M  END
