
  Marvin  07291016512D          

 58 61  0  0  1  0            999 V2000
   17.9417   -7.0890    0.0000 C   0  0  0  0  0  0  0  0  0  0  0  0
   18.6561   -7.5016    0.0000 C   0  0  0  0  0  0  0  0  0  0  0  0
   18.6561   -8.3266    0.0000 N   0  0  0  0  0  0  0  0  0  0  0  0
   15.7983   -8.3266    0.0000 C   0  0  0  0  0  0  0  0  0  0  0  0
   15.7983   -9.9766    0.0000 C   0  0  0  0  0  0  0  0  0  0  0  0
   15.7983  -10.8015    0.0000 C   0  0  2  0  0  0  0  0  0  0  0  0
   16.5128  -11.2140    0.0000 N   0  0  0  0  0  0  0  0  0  0  0  0
   18.6558   -9.9765    0.0000 N   0  0  0  0  0  0  0  0  0  0  0  0
   17.9415  -11.2138    0.0000 C   0  0  0  0  0  0  0  0  0  0  0  0
   18.6558  -10.8014    0.0000 C   0  0  2  0  0  0  0  0  0  0  0  0
   19.3706   -8.7390    0.0000 C   0  0  2  0  0  0  0  0  0  0  0  0
   19.3706   -9.5639    0.0000 C   0  0  0  0  0  0  0  0  0  0  0  0
   15.7983   -7.5016    0.0000 C   0  0  0  0  0  0  0  0  0  0  0  0
   16.5128   -7.0890    0.0000 N   0  0  0  0  0  0  0  0  0  0  0  0
   16.5128   -6.2640    0.0000 C   0  0  2  0  0  0  0  0  0  0  0  0
   17.2273   -5.8515    0.0000 C   0  0  0  0  0  0  0  0  0  0  0  0
   17.9417   -6.2640    0.0000 N   0  0  0  0  0  0  0  0  0  0  0  0
   16.5129  -12.0388    0.0000 C   0  0  0  0  0  0  0  0  0  0  0  0
   17.2273  -12.4512    0.0000 C   0  0  1  0  0  0  0  0  0  0  0  0
   17.9416  -12.0387    0.0000 N   0  0  0  0  0  0  0  0  0  0  0  0
   15.0634   -8.5077    0.0000 C   0  0  0  0  0  0  0  0  0  0  0  0
   15.0634   -9.7955    0.0000 S   0  0  0  0  0  0  0  0  0  0  0  0
   14.7054   -9.1516    0.0000 S   0  0  0  0  0  0  0  0  0  0  0  0
   17.3989  -13.2580    0.0000 C   0  0  0  0  0  0  0  0  0  0  0  0
   18.2192  -13.3441    0.0000 C   0  0  0  0  0  0  0  0  0  0  0  0
   18.5547  -12.5906    0.0000 C   0  0  0  0  0  0  0  0  0  0  0  0
   15.7985  -12.4514    0.0000 O   0  0  0  0  0  0  0  0  0  0  0  0
   17.2270  -10.8014    0.0000 O   0  0  0  0  0  0  0  0  0  0  0  0
   20.0851   -9.9764    0.0000 O   0  0  0  0  0  0  0  0  0  0  0  0
   19.3706   -7.0890    0.0000 O   0  0  0  0  0  0  0  0  0  0  0  0
   17.2273   -5.0265    0.0000 O   0  0  0  0  0  0  0  0  0  0  0  0
   15.0838   -7.0890    0.0000 O   0  0  0  0  0  0  0  0  0  0  0  0
   19.4619  -10.9733    0.0000 C   0  0  0  0  0  0  0  0  0  0  0  0
   19.7170  -11.7579    0.0000 C   0  0  0  0  0  0  0  0  0  0  0  0
   19.2316  -12.4250    0.0000 C   0  0  0  0  0  0  0  0  0  0  0  0
   19.7161  -13.0928    0.0000 N   0  0  0  0  0  0  0  0  0  0  0  0
   20.5014  -12.0134    0.0000 C   0  0  0  0  0  0  0  0  0  0  0  0
   20.5010  -12.8384    0.0000 C   0  0  0  0  0  0  0  0  0  0  0  0
   20.0850   -8.3264    0.0000 C   0  0  0  0  0  0  0  0  0  0  0  0
   20.7996   -8.7389    0.0000 C   0  0  0  0  0  0  0  0  0  0  0  0
   21.5140   -8.3264    0.0000 O   0  0  0  0  0  0  0  0  0  0  0  0
   20.7996   -9.5639    0.0000 O   0  0  0  0  0  0  0  0  0  0  0  0
   15.7983   -5.8515    0.0000 C   0  0  0  0  0  0  0  0  0  0  0  0
   15.0839   -6.2640    0.0000 C   0  0  0  0  0  0  0  0  0  0  0  0
   14.3694   -5.8515    0.0000 C   0  0  0  0  0  0  0  0  0  0  0  0
   13.6549   -6.2640    0.0000 C   0  0  0  0  0  0  0  0  0  0  0  0
   13.6549   -7.0890    0.0000 N   0  0  0  0  0  0  0  0  0  0  0  0
   12.9404   -7.5015    0.0000 C   0  0  0  0  0  0  0  0  0  0  0  0
   12.9404   -8.3265    0.0000 N   0  0  0  0  0  0  0  0  0  0  0  0
   12.2259   -7.0889    0.0000 N   0  0  0  0  0  0  0  0  0  0  0  0
   15.0839  -11.2141    0.0000 C   0  0  0  0  0  0  0  0  0  0  0  0
   14.3694  -10.8016    0.0000 N   0  0  0  0  0  0  0  0  0  0  0  0
   15.0839  -12.0391    0.0000 O   0  0  0  0  0  0  0  0  0  0  0  0
   21.9304  -12.0134    0.0000 C   0  0  0  0  0  0  0  0  0  0  0  0
   21.9304  -12.8384    0.0000 C   0  0  0  0  0  0  0  0  0  0  0  0
   21.2159  -11.6009    0.0000 C   0  0  0  0  0  0  0  0  0  0  0  0
   21.2159  -13.2509    0.0000 C   0  0  0  0  0  0  0  0  0  0  0  0
   18.8658  -11.5998    0.0000 H   0  0  0  0  0  0  0  0  0  0  0  0
  2  1  1  0  0  0  0
  3  2  1  0  0  0  0
  6  5  1  0  0  0  0
  7  6  1  0  0  0  0
 10  8  1  0  0  0  0
  9 10  1  0  0  0  0
 11  3  1  0  0  0  0
 12  8  1  0  0  0  0
 12 11  1  0  0  0  0
  4 13  1  0  0  0  0
 14 13  1  0  0  0  0
 14 15  1  0  0  0  0
 16 15  1  0  0  0  0
 17 16  1  0  0  0  0
  1 17  1  0  0  0  0
 18  7  1  0  0  0  0
 19 18  1  1  0  0  0
 20  9  1  0  0  0  0
 21  4  1  0  0  0  0
 23 21  1  0  0  0  0
 22  5  1  0  0  0  0
 23 22  1  0  0  0  0
 24 19  1  0  0  0  0
 20 19  1  0  0  0  0
 25 24  1  0  0  0  0
 26 20  1  0  0  0  0
 26 25  1  0  0  0  0
 18 27  2  0  0  0  0
  9 28  2  0  0  0  0
 12 29  2  0  0  0  0
  2 30  2  0  0  0  0
 16 31  2  0  0  0  0
 13 32  2  0  0  0  0
 10 33  1  1  0  0  0
 33 34  1  0  0  0  0
 34 35  2  0  0  0  0
 36 35  1  0  0  0  0
 37 34  1  0  0  0  0
 38 36  1  0  0  0  0
 11 39  1  1  0  0  0
 39 40  1  0  0  0  0
 40 41  1  0  0  0  0
 40 42  2  0  0  0  0
 15 43  1  1  0  0  0
 43 44  1  0  0  0  0
 44 45  1  0  0  0  0
 45 46  1  0  0  0  0
 46 47  1  0  0  0  0
 47 48  1  0  0  0  0
 48 49  2  0  0  0  0
 48 50  1  0  0  0  0
  6 51  1  6  0  0  0
 51 52  1  0  0  0  0
 51 53  2  0  0  0  0
 55 54  1  0  0  0  0
 56 54  2  0  0  0  0
 57 55  2  0  0  0  0
 37 56  1  0  0  0  0
 38 57  1  0  0  0  0
 38 37  2  0  0  0  0
 10 58  1  6  0  0  0
M  END
