
  Mrv1909 03072017262D          

 45 52  0  0  0  0            999 V2000
    1.7977   -2.4582    0.0000 C   0  0  0  0  0  0  0  0  0  0  0  0
    1.7946   -3.2832    0.0000 C   0  0  0  0  0  0  0  0  0  0  0  0
    2.5120   -3.6974    0.0000 C   0  0  0  0  0  0  0  0  0  0  0  0
    3.2248   -3.2866    0.0000 C   0  0  0  0  0  0  0  0  0  0  0  0
    4.0548   -3.4480    0.0000 N   0  0  0  0  0  0  0  0  0  0  0  0
    4.4910   -2.6890    0.0000 C   0  0  0  0  0  0  0  0  0  0  0  0
    3.9351   -2.0593    0.0000 C   0  0  0  0  0  0  0  0  0  0  0  0
    2.5122   -2.0491    0.0000 C   0  0  0  0  0  0  0  0  0  0  0  0
    3.2249   -2.4652    0.0000 C   0  0  0  0  0  0  0  0  0  0  0  0
    3.9439   -1.2338    0.0000 C   0  0  0  0  0  0  0  0  0  0  0  0
    2.5122   -1.2262    0.0000 C   0  0  0  0  0  0  0  0  0  0  0  0
    3.2271   -0.8148    0.0000 C   0  0  2  0  0  0  0  0  0  0  0  0
    3.2281    0.0051    0.0000 N   0  0  0  0  0  0  0  0  0  0  0  0
    2.5160    0.4200    0.0000 C   0  0  0  0  0  0  0  0  0  0  0  0
    1.8015    0.0086    0.0000 C   0  0  1  0  0  0  0  0  0  0  0  0
    1.7987   -0.8174    0.0000 C   0  0  0  0  0  0  0  0  0  0  0  0
    1.0862    0.4239    0.0000 C   0  0  0  0  0  0  0  0  0  0  0  0
    0.3691    0.0122    0.0000 N   0  0  0  0  0  0  0  0  0  0  0  0
    3.9455    0.4166    0.0000 C   0  0  0  0  0  0  0  0  0  0  0  0
    3.9417   -0.4039    0.0000 H   0  0  0  0  0  0  0  0  0  0  0  0
    1.0883    1.2510    0.0000 O   0  0  0  0  0  0  0  0  0  0  0  0
   -0.3534    0.4166    0.0000 C   0  0  1  0  0  0  0  0  0  0  0  0
   -0.8487    1.0829    0.0000 C   0  0  0  0  0  0  0  0  0  0  0  0
   -0.8361   -0.2551    0.0000 O   0  0  0  0  0  0  0  0  0  0  0  0
   -1.6251   -0.0070    0.0000 C   0  0  2  0  0  0  0  0  0  0  0  0
   -1.6286    0.8156    0.0000 N   0  0  0  0  0  0  0  0  0  0  0  0
   -2.3389    1.2217    0.0000 C   0  0  2  0  0  0  0  0  0  0  0  0
   -3.0502    0.8096    0.0000 C   0  0  0  0  0  0  0  0  0  0  0  0
   -2.3319   -0.4237    0.0000 C   0  0  1  0  0  0  0  0  0  0  0  0
   -3.0483   -0.0147    0.0000 N   0  0  0  0  0  0  0  0  0  0  0  0
   -3.6584   -0.5698    0.0000 C   0  0  0  0  0  0  0  0  0  0  0  0
   -3.3191   -1.3218    0.0000 C   0  0  0  0  0  0  0  0  0  0  0  0
   -2.4992   -1.2313    0.0000 C   0  0  0  0  0  0  0  0  0  0  0  0
   -1.6203   -0.8379    0.0000 O   0  0  0  0  0  0  0  0  0  0  0  0
   -2.3429    0.3996    0.0000 H   0  0  0  0  0  0  0  0  0  0  0  0
   -0.6036    1.8730    0.0000 O   0  0  0  0  0  0  0  0  0  0  0  0
   -3.7672    1.2217    0.0000 O   0  0  0  0  0  0  0  0  0  0  0  0
   -2.3412    2.0487    0.0000 C   0  0  0  0  0  0  0  0  0  0  0  0
   -3.0586    2.4602    0.0000 C   0  0  0  0  0  0  0  0  0  0  0  0
   -3.0582    3.2859    0.0000 C   0  0  0  0  0  0  0  0  0  0  0  0
   -3.7749    3.6974    0.0000 C   0  0  0  0  0  0  0  0  0  0  0  0
   -4.4910    3.2817    0.0000 C   0  0  0  0  0  0  0  0  0  0  0  0
   -4.4860    2.4503    0.0000 C   0  0  0  0  0  0  0  0  0  0  0  0
   -3.7687    2.0426    0.0000 C   0  0  0  0  0  0  0  0  0  0  0  0
    0.1618    0.9269    0.0000 C   0  0  0  0  0  0  0  0  0  0  0  0
  7 10  1  0  0  0  0
 10 12  1  0  0  0  0
 11 12  1  0  0  0  0
  1  2  2  0  0  0  0
  8  1  1  0  0  0  0
  2  3  1  0  0  0  0
  4  5  1  0  0  0  0
  5  6  1  0  0  0  0
  6  7  2  0  0  0  0
 11 16  2  0  0  0  0
 12 13  1  0  0  0  0
 13 14  1  0  0  0  0
 14 15  1  0  0  0  0
 15 16  1  0  0  0  0
  7  9  1  0  0  0  0
 15 17  1  1  0  0  0
  8  9  2  0  0  0  0
 17 18  1  0  0  0  0
  3  4  2  0  0  0  0
 13 19  1  0  0  0  0
  9  4  1  0  0  0  0
 12 20  1  1  0  0  0
 17 21  2  0  0  0  0
  8 11  1  0  0  0  0
 22 23  1  0  0  0  0
 23 26  1  0  0  0  0
 25 24  1  0  0  0  0
 24 22  1  0  0  0  0
 25 26  1  0  0  0  0
 25 29  1  0  0  0  0
 26 27  1  0  0  0  0
 27 28  1  0  0  0  0
 28 30  1  0  0  0  0
 29 30  1  0  0  0  0
 30 31  1  0  0  0  0
 31 32  1  0  0  0  0
 32 33  1  0  0  0  0
 33 29  1  0  0  0  0
 25 34  1  6  0  0  0
 29 35  1  1  0  0  0
 23 36  2  0  0  0  0
 28 37  2  0  0  0  0
 27 38  1  6  0  0  0
 38 39  1  0  0  0  0
 39 40  2  0  0  0  0
 40 41  1  0  0  0  0
 41 42  2  0  0  0  0
 42 43  1  0  0  0  0
 43 44  2  0  0  0  0
 44 39  1  0  0  0  0
 22 45  1  1  0  0  0
 22 18  1  0  0  0  0
M  END
