311
  Mrv0541 02231214352D          

 16 17  0  0  0  0            999 V2000
    7.3097    0.0000    0.0000 S   0  0  0  0  0  0  0  0  0  0  0  0
    6.0031    0.6639    0.0000 S   0  0  0  0  0  0  0  0  0  0  0  0
    3.0791    0.8250    0.0000 O   0  0  0  0  0  0  0  0  0  0  0  0
    7.3097    0.8250    0.0000 O   0  0  0  0  0  0  0  0  0  0  0  0
    7.3097   -0.8250    0.0000 O   0  0  0  0  0  0  0  0  0  0  0  0
    6.0031   -0.6639    0.0000 N   0  0  0  0  0  0  0  0  0  0  0  0
    8.1347    0.0000    0.0000 N   0  0  0  0  0  0  0  0  0  0  0  0
    5.2224    0.4125    0.0000 C   0  0  0  0  0  0  0  0  0  0  0  0
    5.2224   -0.4125    0.0000 C   0  0  0  0  0  0  0  0  0  0  0  0
    6.4846    0.0000    0.0000 C   0  0  0  0  0  0  0  0  0  0  0  0
    4.5080    0.8250    0.0000 C   0  0  0  0  0  0  0  0  0  0  0  0
    3.7935    0.4125    0.0000 C   0  0  0  0  0  0  0  0  0  0  0  0
    4.5080   -0.8250    0.0000 C   0  0  0  0  0  0  0  0  0  0  0  0
    3.7935   -0.4125    0.0000 C   0  0  0  0  0  0  0  0  0  0  0  0
    2.3645    0.4125    0.0000 C   0  0  0  0  0  0  0  0  0  0  0  0
    1.6500    0.8250    0.0000 C   0  0  0  0  0  0  0  0  0  0  0  0
  1  4  2  0  0  0  0
  1  5  2  0  0  0  0
  1  7  1  0  0  0  0
  1 10  1  0  0  0  0
  2  8  1  0  0  0  0
  2 10  1  0  0  0  0
  3 12  1  0  0  0  0
  3 15  1  0  0  0  0
  6  9  1  0  0  0  0
  6 10  2  0  0  0  0
  8  9  2  0  0  0  0
  8 11  1  0  0  0  0
  9 13  1  0  0  0  0
 11 12  2  0  0  0  0
 12 14  1  0  0  0  0
 13 14  2  0  0  0  0
 15 16  1  0  0  0  0
M  END
