
  Mrv1909 08132004012D          

 13 13  0  0  0  0            999 V2000
   -0.7143    0.0000    0.0000 C   0  0  0  0  0  0  0  0  0  0  0  0
   -1.4289    0.4123    0.0000 C   0  0  0  0  0  0  0  0  0  0  0  0
    0.0000    0.4125    0.0000 C   0  0  0  0  0  0  0  0  0  0  0  0
   -0.7143   -0.8249    0.0000 C   0  0  0  0  0  0  0  0  0  0  0  0
   -2.1433   -0.0001    0.0000 C   0  0  0  0  0  0  0  0  0  0  0  0
    0.7145    0.0000    0.0000 C   0  0  0  0  0  0  0  0  0  0  0  0
   -0.0001    1.2375    0.0000 O   0  0  0  0  0  0  0  0  0  0  0  0
   -1.4287   -1.2374    0.0000 C   0  0  0  0  0  0  0  0  0  0  0  0
   -2.1433   -0.8251    0.0000 C   0  0  0  0  0  0  0  0  0  0  0  0
   -2.8579    0.4121    0.0000 O   0  0  0  0  0  0  0  0  0  0  0  0
    1.4288    0.4126    0.0000 N   0  0  0  0  0  0  0  0  0  0  0  0
    2.1433    0.0001    0.0000 C   0  0  0  0  0  0  0  0  0  0  0  0
    2.8579    0.4127    0.0000 C   0  0  0  0  0  0  0  0  0  0  0  0
  1  2  1  0  0  0  0
  1  3  1  0  0  0  0
  1  4  2  0  0  0  0
  2  5  2  0  0  0  0
  3  6  1  0  0  0  0
  3  7  1  0  0  0  0
  4  8  1  0  0  0  0
  5  9  1  0  0  0  0
  5 10  1  0  0  0  0
  6 11  1  0  0  0  0
 11 12  1  0  0  0  0
 12 13  1  0  0  0  0
  8  9  2  0  0  0  0
M  END
