
  Mrv1909 03022016292D          

 32 35  0  0  0  0            999 V2000
    3.4274   -1.0194    0.0000 C   0  0  0  0  0  0  0  0  0  0  0  0
    2.8439   -0.4360    0.0000 C   0  0  0  0  0  0  0  0  0  0  0  0
    1.8335   -1.4465    0.0000 C   0  0  0  0  0  0  0  0  0  0  0  0
    2.4169   -2.0298    0.0000 C   0  0  0  0  0  0  0  0  0  0  0  0
    3.2138   -1.8163    0.0000 C   0  0  0  0  0  0  0  0  0  0  0  0
    3.7973   -2.3997    0.0000 F   0  0  0  0  0  0  0  0  0  0  0  0
    2.0470   -0.6496    0.0000 C   0  0  0  0  0  0  0  0  0  0  0  0
    0.6386   -0.0661    0.0000 C   0  0  0  0  0  0  0  0  0  0  0  0
    0.0552   -0.6496    0.0000 O   0  0  0  0  0  0  0  0  0  0  0  0
    1.4637   -0.0661    0.0000 N   0  0  0  0  0  0  0  0  0  0  0  0
    0.6387    0.7588    0.0000 C   0  0  1  0  0  0  0  0  0  0  0  0
    1.4637    1.5839    0.0000 H   0  0  0  0  0  0  0  0  0  0  0  0
    3.6263    1.1541    0.0000 C   0  0  0  0  0  0  0  0  0  0  0  0
    2.8978    2.3836    0.0000 C   0  0  0  0  0  0  0  0  0  0  0  0
    2.1881    1.9630    0.0000 C   0  0  0  0  0  0  0  0  0  0  0  0
    2.9164    0.7337    0.0000 C   0  0  0  0  0  0  0  0  0  0  0  0
    3.6170    1.9791    0.0000 C   0  0  0  0  0  0  0  0  0  0  0  0
    4.3269    2.3997    0.0000 O   0  0  0  0  0  0  0  0  0  0  0  0
    2.1973    1.1381    0.0000 C   0  0  0  0  0  0  0  0  0  0  0  0
    1.4637    0.7588    0.0000 C   0  0  1  0  0  0  0  0  0  0  0  0
   -0.0741    1.1632    0.0000 C   0  0  0  0  0  0  0  0  0  0  0  0
   -2.8981   -0.5444    0.0000 C   0  0  0  0  0  0  0  0  0  0  0  0
   -3.6209   -0.1464    0.0000 C   0  0  0  0  0  0  0  0  0  0  0  0
   -2.2088    0.7074    0.0000 C   0  0  0  0  0  0  0  0  0  0  0  0
   -2.1921   -0.1174    0.0000 C   0  0  0  0  0  0  0  0  0  0  0  0
   -3.6375    0.6784    0.0000 C   0  0  0  0  0  0  0  0  0  0  0  0
   -2.9315    1.1053    0.0000 C   0  0  0  0  0  0  0  0  0  0  0  0
   -0.7802    0.7363    0.0000 C   0  0  0  0  0  0  0  0  0  0  0  0
   -4.3269   -0.5734    0.0000 F   0  0  0  0  0  0  0  0  0  0  0  0
   -1.5029    1.1342    0.0000 C   0  0  2  0  0  0  0  0  0  0  0  0
   -1.5197    1.9591    0.0000 O   0  0  0  0  0  0  0  0  0  0  0  0
    0.6415    1.5808    0.0000 H   0  0  0  0  0  0  0  0  0  0  0  0
  1  2  1  0  0  0  0
  1  5  2  0  0  0  0
  2  7  2  0  0  0  0
  7  3  1  0  0  0  0
  3  4  2  0  0  0  0
  4  5  1  0  0  0  0
  5  6  1  0  0  0  0
  7 10  1  0  0  0  0
  8 10  1  0  0  0  0
 11  8  1  0  0  0  0
  8  9  2  0  0  0  0
 10 20  1  0  0  0  0
 20 11  1  0  0  0  0
 20 12  1  6  0  0  0
 13 17  2  0  0  0  0
 13 16  1  0  0  0  0
 17 14  1  0  0  0  0
 14 15  2  0  0  0  0
 15 19  1  0  0  0  0
 19 16  2  0  0  0  0
 17 18  1  0  0  0  0
 19 20  1  0  0  0  0
 11 21  1  0  0  0  0
 22 23  1  0  0  0  0
 23 29  1  0  0  0  0
 30 24  1  0  0  0  0
 25 24  1  0  0  0  0
 25 22  2  0  0  0  0
 23 26  2  0  0  0  0
 26 27  1  0  0  0  0
 27 24  2  0  0  0  0
 21 28  1  0  0  0  0
 28 30  1  0  0  0  0
 30 31  1  1  0  0  0
 11 32  1  1  0  0  0
M  END
