
  Mrv1902 02061921292D          

 20 20  0  0  0  0            999 V2000
   -1.0230   -1.6954    0.0000 C   0  0  0  0  0  0  0  0  0  0  0  0
   -1.4356   -0.4258    0.0000 N   0  0  0  0  0  0  0  0  0  0  0  0
   -1.8481   -1.6954    0.0000 S   0  0  0  0  0  0  0  0  0  0  0  0
   -2.1030   -0.9108    0.0000 C   0  0  0  0  0  0  0  0  0  0  0  0
    0.9420   -1.1921    0.0000 S   0  0  0  0  0  0  0  0  0  0  0  0
    1.6564   -0.7796    0.0000 C   0  0  0  0  0  0  0  0  0  0  0  0
    2.3709   -1.1921    0.0000 C   0  0  0  0  0  0  0  0  0  0  0  0
    3.7999   -1.1921    0.0000 N   0  0  0  0  0  0  0  0  0  0  0  0
    3.0854   -0.7796    0.0000 C   0  0  0  0  0  0  0  0  0  0  0  0
    3.0854    0.0454    0.0000 N   0  0  0  0  0  0  0  0  0  0  0  0
    3.9104    0.8704    0.0000 O   0  0  0  0  0  0  0  0  0  0  0  0
    2.2604    0.8704    0.0000 O   0  0  0  0  0  0  0  0  0  0  0  0
    3.0854    0.8704    0.0000 S   0  0  0  0  0  0  0  0  0  0  0  0
   -2.8999   -0.6973    0.0000 N   0  0  0  0  0  0  0  0  0  0  0  0
   -2.5301    0.6829    0.0000 N   0  0  0  0  0  0  0  0  0  0  0  0
   -3.1134    0.0996    0.0000 C   0  0  0  0  0  0  0  0  0  0  0  0
   -3.9104    0.3130    0.0000 N   0  0  0  0  0  0  0  0  0  0  0  0
   -0.7681   -0.9108    0.0000 C   0  0  0  0  0  0  0  0  0  0  0  0
    0.0287   -0.6973    0.0000 C   0  0  0  0  0  0  0  0  0  0  0  0
    3.0854    1.6954    0.0000 N   0  0  0  0  0  0  0  0  0  0  0  0
  2  4  2  0  0  0  0
  2 18  1  0  0  0  0
  4  3  1  0  0  0  0
  3  1  1  0  0  0  0
  1 18  2  0  0  0  0
  4 14  1  0  0  0  0
  5  6  1  0  0  0  0
  6  7  1  0  0  0  0
  7  9  1  0  0  0  0
  9  8  1  0  0  0  0
  9 10  2  0  0  0  0
 10 13  1  0  0  0  0
 13 11  2  0  0  0  0
 13 12  2  0  0  0  0
 13 20  1  0  0  0  0
 14 16  2  0  0  0  0
 16 15  1  0  0  0  0
 16 17  1  0  0  0  0
 18 19  1  0  0  0  0
  5 19  1  0  0  0  0
M  END
