
  Mrv1718010111817422D          

 25 26  0  0  0  0            999 V2000
   -0.3554    1.9776    0.0000 C   0  0  0  0  0  0  0  0  0  0  0  0
   -0.3566    1.1502    0.0000 C   0  0  0  0  0  0  0  0  0  0  0  0
    0.3580    0.7373    0.0000 C   0  0  0  0  0  0  0  0  0  0  0  0
    1.0745    1.1507    0.0000 C   0  0  0  0  0  0  0  0  0  0  0  0
    1.0716    1.9812    0.0000 C   0  0  0  0  0  0  0  0  0  0  0  0
    0.3562    2.3903    0.0000 C   0  0  0  0  0  0  0  0  0  0  0  0
    0.3597   -0.7470    0.0000 C   0  0  0  0  0  0  0  0  0  0  0  0
   -0.3563   -1.1588    0.0000 C   0  0  0  0  0  0  0  0  0  0  0  0
   -0.3568   -1.9829    0.0000 C   0  0  0  0  0  0  0  0  0  0  0  0
    0.3579   -2.3964    0.0000 N   0  0  0  0  0  0  0  0  0  0  0  0
    1.0748   -1.9796    0.0000 C   0  0  0  0  0  0  0  0  0  0  0  0
    1.0718   -1.1568    0.0000 C   0  0  0  0  0  0  0  0  0  0  0  0
    1.7854   -0.7424    0.0000 C   0  0  0  0  0  0  0  0  0  0  0  0
    2.5008   -1.1533    0.0000 O   0  0  0  0  0  0  0  0  0  0  0  0
    1.7832    0.0825    0.0000 O   0  0  0  0  0  0  0  0  0  0  0  0
    3.2142   -0.7388    0.0000 C   0  0  0  0  0  0  0  0  0  0  0  0
    1.7906   -2.3897    0.0000 C   0  0  0  0  0  0  0  0  0  0  0  0
   -1.0716   -2.3949    0.0000 C   0  0  0  0  0  0  0  0  0  0  0  0
   -1.0702   -0.7453    0.0000 C   0  0  0  0  0  0  0  0  0  0  0  0
   -1.0692    0.0797    0.0000 O   0  0  0  0  0  0  0  0  0  0  0  0
   -1.7852   -1.1570    0.0000 O   0  0  0  0  0  0  0  0  0  0  0  0
   -2.4992   -0.7434    0.0000 C   0  0  0  0  0  0  0  0  0  0  0  0
   -3.2142   -1.1550    0.0000 C   0  0  0  0  0  0  0  0  0  0  0  0
    1.7845    2.3964    0.0000 Cl  0  0  0  0  0  0  0  0  0  0  0  0
    1.7858    0.7413    0.0000 Cl  0  0  0  0  0  0  0  0  0  0  0  0
  3  7  1  0  0  0  0
  6  1  1  0  0  0  0
 12 13  1  0  0  0  0
  1  2  2  0  0  0  0
 13 14  1  0  0  0  0
  3  4  2  0  0  0  0
 13 15  2  0  0  0  0
  7  8  1  0  0  0  0
 14 16  1  0  0  0  0
 11 17  1  0  0  0  0
  8  9  2  0  0  0  0
  9 18  1  0  0  0  0
  4  5  1  0  0  0  0
  8 19  1  0  0  0  0
  9 10  1  0  0  0  0
 19 20  2  0  0  0  0
  2  3  1  0  0  0  0
 19 21  1  0  0  0  0
 10 11  1  0  0  0  0
 21 22  1  0  0  0  0
  5  6  2  0  0  0  0
 22 23  1  0  0  0  0
 11 12  2  0  0  0  0
 12  7  1  0  0  0  0
  5 24  1  0  0  0  0
  4 25  1  0  0  0  0
M  END
