femoxetine
  CDK     0223171736
null
 23 25  0  0  0  0  0  0  0  0999 V2000
    0.7145   -1.9735    0.0000 C   0  0  0  0  0  0  0  0  0  0  0  0
    0.0000   -2.3870    0.0000 O   0  0  0  0  0  0  0  0  0  0  0  0
    1.4289   -2.3870    0.0000 C   0  0  2  0  0  0  0  0  0  0  0  0
   -0.7145   -1.9735    0.0000 C   0  0  0  0  0  0  0  0  0  0  0  0
    1.4289   -3.2120    0.0000 C   0  0  2  0  0  0  0  0  0  0  0  0
    2.1454   -1.9735    0.0000 C   0  0  0  0  0  0  0  0  0  0  0  0
   -0.7145   -1.1485    0.0000 C   0  0  0  0  0  0  0  0  0  0  0  0
   -1.4269   -2.3870    0.0000 C   0  0  0  0  0  0  0  0  0  0  0  0
    2.1454   -3.6235    0.0000 C   0  0  0  0  0  0  0  0  0  0  0  0
    0.7145   -3.6235    0.0000 C   0  0  0  0  0  0  0  0  0  0  0  0
    2.8579   -2.3870    0.0000 N   0  0  0  0  0  0  0  0  0  0  0  0
   -1.4269   -0.7370    0.0000 C   0  0  0  0  0  0  0  0  0  0  0  0
   -2.1434   -1.9735    0.0000 C   0  0  0  0  0  0  0  0  0  0  0  0
    2.8579   -3.2120    0.0000 C   0  0  0  0  0  0  0  0  0  0  0  0
    0.0020   -3.2120    0.0000 C   0  0  0  0  0  0  0  0  0  0  0  0
    0.7145   -4.4485    0.0000 C   0  0  0  0  0  0  0  0  0  0  0  0
    3.5723   -1.9735    0.0000 C   0  0  0  0  0  0  0  0  0  0  0  0
   -2.1434   -1.1485    0.0000 C   0  0  0  0  0  0  0  0  0  0  0  0
   -0.7145   -3.6235    0.0000 C   0  0  0  0  0  0  0  0  0  0  0  0
    0.0020   -4.8620    0.0000 C   0  0  0  0  0  0  0  0  0  0  0  0
   -2.8579   -0.7370    0.0000 O   0  0  0  0  0  0  0  0  0  0  0  0
   -0.7145   -4.4485    0.0000 C   0  0  0  0  0  0  0  0  0  0  0  0
   -3.5723   -1.1485    0.0000 C   0  0  0  0  0  0  0  0  0  0  0  0
  1  2  1  0  0  0  0 
  2  4  1  0  0  0  0 
  3  1  1  1  0  0  0 
  5  3  1  0  0  0  0 
  3  6  1  0  0  0  0 
  4  7  2  0  0  0  0 
  4  8  1  0  0  0  0 
  5  9  1  6  0  0  0 
  5 10  1  0  0  0  0 
  6 11  1  0  0  0  0 
  7 12  1  0  0  0  0 
  8 13  2  0  0  0  0 
  9 14  1  0  0  0  0 
 10 15  2  0  0  0  0 
 10 16  1  0  0  0  0 
 11 14  1  0  0  0  0 
 11 17  1  0  0  0  0 
 12 18  2  0  0  0  0 
 13 18  1  0  0  0  0 
 15 19  1  0  0  0  0 
 16 20  2  0  0  0  0 
 18 21  1  0  0  0  0 
 19 22  2  0  0  0  0 
 20 22  1  0  0  0  0 
 21 23  1  0  0  0  0 
M  END
