
  Mrv1909 01172001422D          

 19 21  0  0  0  0            999 V2000
    1.8641    1.1178    0.0000 O   0  0  0  0  0  0  0  0  0  0  0  0
    2.8592    2.1947    0.0000 O   0  0  0  0  0  0  0  0  0  0  0  0
    0.4534   -0.5384    0.0000 N   0  0  0  0  0  0  0  0  0  0  0  0
    3.1489    0.7462    0.0000 N   0  0  0  0  0  0  0  0  0  0  0  0
    1.8641    0.2928    0.0000 C   0  0  0  0  0  0  0  0  0  0  0  0
    2.6954    0.0850    0.0000 C   0  0  0  0  0  0  0  0  0  0  0  0
    1.8641   -0.5384    0.0000 C   0  0  0  0  0  0  0  0  0  0  0  0
    1.1588    0.7085    0.0000 C   0  0  0  0  0  0  0  0  0  0  0  0
    2.6513    1.4075    0.0000 C   0  0  0  0  0  0  0  0  0  0  0  0
    1.1588   -0.9541    0.0000 C   0  0  0  0  0  0  0  0  0  0  0  0
    0.4534    0.2928    0.0000 C   0  0  0  0  0  0  0  0  0  0  0  0
   -0.2456   -0.9541    0.0000 C   0  0  0  0  0  0  0  0  0  0  0  0
   -0.9509   -0.5384    0.0000 C   0  0  0  0  0  0  0  0  0  0  0  0
   -1.7004   -0.9541    0.0000 C   0  0  0  0  0  0  0  0  0  0  0  0
   -2.4057   -0.5384    0.0000 C   0  0  0  0  0  0  0  0  0  0  0  0
   -1.7004   -1.7791    0.0000 C   0  0  0  0  0  0  0  0  0  0  0  0
   -3.1489   -0.9541    0.0000 C   0  0  0  0  0  0  0  0  0  0  0  0
   -2.4057   -2.1947    0.0000 C   0  0  0  0  0  0  0  0  0  0  0  0
   -3.1489   -1.7791    0.0000 C   0  0  0  0  0  0  0  0  0  0  0  0
  1  5  1  0  0  0  0
  1  9  1  0  0  0  0
  2  9  2  0  0  0  0
  3 10  1  0  0  0  0
  3 11  1  0  0  0  0
  3 12  1  0  0  0  0
  4  6  1  0  0  0  0
  4  9  1  0  0  0  0
  5  6  1  0  0  0  0
  5  7  1  0  0  0  0
  5  8  1  0  0  0  0
  7 10  1  0  0  0  0
  8 11  1  0  0  0  0
 12 13  1  0  0  0  0
 13 14  1  0  0  0  0
 14 15  2  0  0  0  0
 14 16  1  0  0  0  0
 15 17  1  0  0  0  0
 16 18  2  0  0  0  0
 17 19  2  0  0  0  0
 18 19  1  0  0  0  0
M  END
