879
  Mrv1909 11061918042D          

  9  9  0  0  1  0            999 V2000
    4.5080    2.2494    0.0000 F   0  0  0  0  0  0  0  0  0  0  0  0
    1.6500    0.5993    0.0000 O   0  0  0  0  0  0  0  0  0  0  0  0
    3.0791    0.5993    0.0000 N   0  0  0  0  0  0  0  0  0  0  0  0
    2.3645    1.8369    0.0000 N   0  0  0  0  0  0  0  0  0  0  0  0
    3.0791    3.0743    0.0000 N   0  0  0  0  0  0  0  0  0  0  0  0
    3.7935    1.0119    0.0000 C   0  0  0  0  0  0  0  0  0  0  0  0
    2.3645    1.0119    0.0000 C   0  0  0  0  0  0  0  0  0  0  0  0
    3.7935    1.8369    0.0000 C   0  0  0  0  0  0  0  0  0  0  0  0
    3.0791    2.2494    0.0000 C   0  0  0  0  0  0  0  0  0  0  0  0
  1  8  1  0  0  0  0
  2  7  2  0  0  0  0
  3  6  1  0  0  0  0
  3  7  1  0  0  0  0
  4  7  1  0  0  0  0
  4  9  2  0  0  0  0
  5  9  1  0  0  0  0
  6  8  2  0  0  0  0
  8  9  1  0  0  0  0
M  END
