
  Mrv1718012261816392D          

 35 39  0  0  0  0            999 V2000
   -1.4573   -0.7640    0.0000 C   0  0  2  0  0  0  0  0  0  0  0  0
   -1.4573   -1.5846    0.0000 C   0  0  0  0  0  0  0  0  0  0  0  0
   -2.1648   -0.3395    0.0000 C   0  0  0  0  0  0  0  0  0  0  0  0
   -2.1648   -1.9808    0.0000 C   0  0  0  0  0  0  0  0  0  0  0  0
   -2.9005   -0.7640    0.0000 C   0  0  0  0  0  0  0  0  0  0  0  0
   -2.9005   -1.5846    0.0000 C   0  0  0  0  0  0  0  0  0  0  0  0
   -0.7216   -0.3395    0.0000 C   0  0  2  0  0  0  0  0  0  0  0  0
   -0.0142   -0.7640    0.0000 C   0  0  1  0  0  0  0  0  0  0  0  0
   -0.7216   -1.9808    0.0000 C   0  0  2  0  0  0  0  0  0  0  0  0
   -0.0142   -1.5846    0.0000 C   0  0  0  0  0  0  0  0  0  0  0  0
   -0.7216    0.5093    0.0000 C   0  0  2  0  0  0  0  0  0  0  0  0
   -0.0142    0.9054    0.0000 C   0  0  0  0  0  0  0  0  0  0  0  0
    0.6932   -0.3395    0.0000 C   0  0  1  0  0  0  0  0  0  0  0  0
    0.6932    0.5093    0.0000 C   0  0  1  0  0  0  0  0  0  0  0  0
    1.4856   -0.5942    0.0000 C   0  0  0  0  0  0  0  0  0  0  0  0
    1.9666    0.0848    0.0000 C   0  0  2  0  0  0  0  0  0  0  0  0
    1.4856    0.7640    0.0000 C   0  0  1  0  0  0  0  0  0  0  0  0
    2.7872    0.3395    0.0000 O   0  0  0  0  0  0  0  0  0  0  0  0
    2.7872    1.1601    0.0000 C   0  0  0  0  0  0  0  0  0  0  0  0
    1.9666    1.4148    0.0000 O   0  0  0  0  0  0  0  0  0  0  0  0
   -3.6079   -1.9808    0.0000 O   0  0  0  0  0  0  0  0  0  0  0  0
   -0.7216   -2.8297    0.0000 F   0  0  0  0  0  0  0  0  0  0  0  0
   -1.4573    0.0848    0.0000 C   0  0  0  0  0  0  0  0  0  0  0  0
   -0.7216   -1.1602    0.0000 H   0  0  0  0  0  0  0  0  0  0  0  0
   -1.4573    0.9054    0.0000 O   0  0  0  0  0  0  0  0  0  0  0  0
   -0.0142    0.0848    0.0000 H   0  0  0  0  0  0  0  0  0  0  0  0
    0.6932   -1.1602    0.0000 H   0  0  0  0  0  0  0  0  0  0  0  0
    0.6932    1.3299    0.0000 C   0  0  0  0  0  0  0  0  0  0  0  0
    1.4856    1.5846    0.0000 C   0  0  0  0  0  0  0  0  0  0  0  0
    2.1929    2.0090    0.0000 C   0  0  0  0  0  0  0  0  0  0  0  0
    0.7780    1.9807    0.0000 O   0  0  0  0  0  0  0  0  0  0  0  0
    2.1929    2.8297    0.0000 O   0  0  0  0  0  0  0  0  0  0  0  0
    3.1834    1.8676    0.0000 C   0  0  0  0  0  0  0  0  0  0  0  0
    3.6079    1.1601    0.0000 C   0  0  0  0  0  0  0  0  0  0  0  0
    1.9982    0.7926    0.0000 H   0  0  0  0  0  0  0  0  0  0  0  0
  3  1  1  0  0  0  0
  7  1  1  0  0  0  0
  2  1  1  0  0  0  0
  1 23  1  1  0  0  0
  4  2  2  0  0  0  0
  9  2  1  0  0  0  0
  5  3  2  0  0  0  0
  6  4  1  0  0  0  0
  6  5  1  0  0  0  0
 21  6  2  0  0  0  0
 11  7  1  0  0  0  0
  8  7  1  0  0  0  0
  7 24  1  6  0  0  0
 10  8  1  0  0  0  0
 13  8  1  0  0  0  0
  8 26  1  1  0  0  0
 10  9  1  0  0  0  0
  9 22  1  6  0  0  0
 12 11  1  0  0  0  0
 11 25  1  1  0  0  0
 14 12  1  0  0  0  0
 15 13  1  0  0  0  0
 14 13  1  0  0  0  0
 13 27  1  6  0  0  0
 17 14  1  0  0  0  0
 14 28  1  1  0  0  0
 16 15  1  0  0  0  0
 18 16  1  0  0  0  0
 17 16  1  0  0  0  0
 16 35  1  1  0  0  0
 20 17  1  0  0  0  0
 17 29  1  1  0  0  0
 19 18  1  0  0  0  0
 20 19  1  0  0  0  0
 33 19  1  0  0  0  0
 34 19  1  0  0  0  0
 30 29  1  0  0  0  0
 31 29  2  0  0  0  0
 32 30  1  0  0  0  0
M  END
