
  Mrv1909 08212016342D          

 30 33  0  0  0  0            999 V2000
    1.0688    1.6596    0.0000 C   0  0  0  0  0  0  0  0  0  0  0  0
    1.0688    0.8345    0.0000 C   0  0  2  0  0  0  0  0  0  0  0  0
    1.0688    0.0009    0.0000 C   0  0  2  0  0  0  0  0  0  0  0  0
    1.7813    1.2500    0.0000 C   0  0  1  0  0  0  0  0  0  0  0  0
    0.3563    1.2500    0.0000 C   0  0  0  0  0  0  0  0  0  0  0  0
    0.3563   -0.4146    0.0000 C   0  0  1  0  0  0  0  0  0  0  0  0
    2.4940    0.0009    0.0000 C   0  0  0  0  0  0  0  0  0  0  0  0
    1.7813    2.0751    0.0000 C   0  0  0  0  0  0  0  0  0  0  0  0
    2.4940    0.8345    0.0000 C   0  0  1  0  0  0  0  0  0  0  0  0
   -0.3584    0.8345    0.0000 C   0  0  1  0  0  0  0  0  0  0  0  0
   -0.3584    0.0009    0.0000 C   0  0  2  0  0  0  0  0  0  0  0  0
    0.3563   -1.2459    0.0000 C   0  0  0  0  0  0  0  0  0  0  0  0
    2.4960    2.4868    0.0000 C   0  0  0  0  0  0  0  0  0  0  0  0
    1.0668    2.4868    0.0000 O   0  0  0  0  0  0  0  0  0  0  0  0
    3.2085    1.2459    0.0000 C   0  0  0  0  0  0  0  0  0  0  0  0
   -1.0729    1.2459    0.0000 O   0  0  0  0  0  0  0  0  0  0  0  0
   -1.0709   -0.4146    0.0000 C   0  0  2  0  0  0  0  0  0  0  0  0
   -0.3584   -1.6616    0.0000 C   0  0  1  0  0  0  0  0  0  0  0  0
    3.2106    2.0751    0.0000 O   0  0  0  0  0  0  0  0  0  0  0  0
   -1.0709    0.4105    0.0000 C   0  0  0  0  0  0  0  0  0  0  0  0
   -1.0709   -1.2459    0.0000 C   0  0  0  0  0  0  0  0  0  0  0  0
   -1.7834    0.0009    0.0000 C   0  0  0  0  0  0  0  0  0  0  0  0
   -0.3584   -2.4868    0.0000 F   0  0  0  0  0  0  0  0  0  0  0  0
   -1.7834   -1.6616    0.0000 C   0  0  0  0  0  0  0  0  0  0  0  0
   -2.4960   -0.4146    0.0000 C   0  0  0  0  0  0  0  0  0  0  0  0
   -2.4960   -1.2459    0.0000 C   0  0  0  0  0  0  0  0  0  0  0  0
   -3.2106   -1.6574    0.0000 O   0  0  0  0  0  0  0  0  0  0  0  0
    0.3563    0.4105    0.0000 H   0  0  0  0  0  0  0  0  0  0  0  0
   -0.3584   -0.8240    0.0000 H   0  0  0  0  0  0  0  0  0  0  0  0
    1.0688   -0.8240    0.0000 H   0  0  0  0  0  0  0  0  0  0  0  0
  2  1  1  1  0  0  0
  3  2  1  0  0  0  0
  2  4  1  0  0  0  0
  2  5  1  0  0  0  0
  6  3  1  0  0  0  0
  3  7  1  0  0  0  0
  3 30  1  6  0  0  0
  4  8  1  1  0  0  0
  4  9  1  0  0  0  0
 10  5  1  0  0  0  0
 11  6  1  0  0  0  0
  6 12  1  0  0  0  0
  6 28  1  1  0  0  0
  9  7  1  0  0  0  0
  8 13  1  0  0  0  0
  8 14  2  0  0  0  0
  9 15  1  6  0  0  0
 11 10  1  0  0  0  0
 10 16  1  1  0  0  0
 11 17  1  0  0  0  0
 11 29  1  6  0  0  0
 18 12  1  0  0  0  0
 13 19  1  0  0  0  0
 17 20  1  1  0  0  0
 17 21  1  0  0  0  0
 17 22  1  0  0  0  0
 18 21  1  0  0  0  0
 18 23  1  6  0  0  0
 21 24  2  0  0  0  0
 22 25  2  0  0  0  0
 24 26  1  0  0  0  0
 25 26  1  0  0  0  0
 26 27  2  0  0  0  0
M  END
