
  Mrv1718009051811112D          

  8  8  0  0  0  0            999 V2000
   -0.8352   -0.4266    0.0000 C   0  0  1  0  0  0  0  0  0  0  0  0
   -0.0102   -0.4266    0.0000 C   0  0  2  0  0  0  0  0  0  0  0  0
   -0.4227    0.2878    0.0000 O   0  0  0  0  0  0  0  0  0  0  0  0
   -1.4186    0.1567    0.0000 C   0  0  0  0  0  0  0  0  0  0  0  0
    0.7041   -0.0140    0.0000 P   0  0  0  0  0  0  0  0  0  0  0  0
    0.7041    0.8109    0.0000 O   0  0  0  0  0  0  0  0  0  0  0  0
    0.9176   -0.8109    0.0000 O   0  0  0  0  0  0  0  0  0  0  0  0
    1.4186   -0.4266    0.0000 O   0  0  0  0  0  0  0  0  0  0  0  0
  1  2  1  0  0  0  0
  1  3  1  0  0  0  0
  2  3  1  0  0  0  0
  1  4  1  6  0  0  0
  2  5  1  6  0  0  0
  5  6  2  0  0  0  0
  5  7  1  0  0  0  0
  5  8  1  0  0  0  0
M  END
