
  Mrv1909 02062022412D          

 40 43  0  0  0  0            999 V2000
   -2.3805   -1.1587    0.0000 C   0  0  0  0  0  0  0  0  0  0  0  0
   -3.0949   -1.5712    0.0000 C   0  0  0  0  0  0  0  0  0  0  0  0
   -0.9515   -2.8087    0.0000 C   0  0  0  0  0  0  0  0  0  0  0  0
   -0.2371   -2.3962    0.0000 C   0  0  0  0  0  0  0  0  0  0  0  0
   -1.6660   -1.5712    0.0000 C   0  0  2  0  0  0  0  0  0  0  0  0
   -0.2371    0.0787    0.0000 C   0  0  0  0  0  0  0  0  0  0  0  0
    1.2619   -1.4136    0.0000 C   0  0  0  0  0  0  0  0  0  0  0  0
   -1.6660   -0.7462    0.0000 C   0  0  0  0  0  0  0  0  0  0  0  0
   -0.9515   -1.1587    0.0000 C   0  0  1  0  0  0  0  0  0  0  0  0
   -0.9515   -1.9837    0.0000 H   0  0  0  0  0  0  0  0  0  0  0  0
   -0.2371   -1.5712    0.0000 C   0  0  1  0  0  0  0  0  0  0  0  0
    0.4773   -1.1587    0.0000 C   0  0  2  0  0  0  0  0  0  0  0  0
    0.4773   -0.3337    0.0000 C   0  0  2  0  0  0  0  0  0  0  0  0
   -0.2371   -0.7462    0.0000 C   0  0  0  0  0  0  0  0  0  0  0  0
    0.4773    0.4913    0.0000 H   0  0  0  0  0  0  0  0  0  0  0  0
    0.4773   -1.9837    0.0000 C   0  0  0  0  0  0  0  0  0  0  0  0
   -1.6660   -2.3962    0.0000 C   0  0  2  0  0  0  0  0  0  0  0  0
   -1.6660   -3.2212    0.0000 H   0  0  0  0  0  0  0  0  0  0  0  0
   -3.0949   -2.3962    0.0000 C   0  0  1  0  0  0  0  0  0  0  0  0
   -3.8094   -2.8087    0.0000 O   0  0  0  0  0  0  0  0  0  0  0  0
   -2.3805   -2.8087    0.0000 C   0  0  1  0  0  0  0  0  0  0  0  0
   -2.3805   -3.6337    0.0000 C   0  0  0  0  0  0  0  0  0  0  0  0
    1.7469   -0.7462    0.0000 C   0  0  2  0  0  0  0  0  0  0  0  0
    2.5719   -0.7462    0.0000 O   0  0  0  0  0  0  0  0  0  0  0  0
    3.8094   -1.4607    0.0000 C   0  0  0  0  0  0  0  0  0  0  0  0
    2.9844   -1.4607    0.0000 C   0  0  0  0  0  0  0  0  0  0  0  0
    2.5719   -2.1751    0.0000 O   0  0  0  0  0  0  0  0  0  0  0  0
    1.2619   -0.0788    0.0000 C   0  0  0  0  0  0  0  0  0  0  0  0
   -0.9515   -0.3337    0.0000 C   0  0  2  0  0  0  0  0  0  0  0  0
    1.2619    0.7461    0.0000 C   0  0  0  0  0  0  0  0  0  0  0  0
    1.9764    1.9837    0.0000 O   0  0  0  0  0  0  0  0  0  0  0  0
    1.9764    1.1587    0.0000 C   0  0  0  0  0  0  0  0  0  0  0  0
    2.6908    0.7461    0.0000 O   0  0  0  0  0  0  0  0  0  0  0  0
    0.5474    1.1587    0.0000 C   0  0  0  0  0  0  0  0  0  0  0  0
    0.5474    1.9837    0.0000 C   0  0  0  0  0  0  0  0  0  0  0  0
    1.2619    2.3962    0.0000 C   0  0  0  0  0  0  0  0  0  0  0  0
    0.5474    3.6337    0.0000 C   0  0  0  0  0  0  0  0  0  0  0  0
    1.2619    3.2212    0.0000 C   0  0  0  0  0  0  0  0  0  0  0  0
    1.9763    3.6337    0.0000 C   0  0  0  0  0  0  0  0  0  0  0  0
   -1.6660    0.0787    0.0000 O   0  0  0  0  0  0  0  0  0  0  0  0
 12 13  1  0  0  0  0
 13 28  1  0  0  0  0
 13  6  1  0  0  0  0
 12 11  1  0  0  0  0
 12  7  1  0  0  0  0
  9 29  1  0  0  0  0
  9  5  1  0  0  0  0
 11  9  1  0  0  0  0
 11  4  1  0  0  0  0
  5 17  1  0  0  0  0
  5  8  1  1  0  0  0
  5  1  1  0  0  0  0
 23 28  1  0  0  0  0
 29  6  1  0  0  0  0
 23  7  1  0  0  0  0
  3  4  1  0  0  0  0
 17 21  1  0  0  0  0
 17  3  1  0  0  0  0
  2  1  1  0  0  0  0
 19 21  1  0  0  0  0
 19  2  1  0  0  0  0
  9 10  1  1  0  0  0
 11 14  1  6  0  0  0
 12 16  1  1  0  0  0
 13 15  1  6  0  0  0
 17 18  1  6  0  0  0
 19 20  1  6  0  0  0
 21 22  1  6  0  0  0
 23 24  1  1  0  0  0
 24 26  1  0  0  0  0
 26 25  1  0  0  0  0
 26 27  2  0  0  0  0
 28 30  2  0  0  0  0
 30 34  1  0  0  0  0
 30 32  1  0  0  0  0
 32 31  2  0  0  0  0
 32 33  1  0  0  0  0
 34 35  1  0  0  0  0
 35 36  1  0  0  0  0
 36 38  2  0  0  0  0
 38 37  1  0  0  0  0
 38 39  1  0  0  0  0
 29 40  1  6  0  0  0
M  END
