327
  Mrv0541 02231214362D          

 24 28  0  0  1  0            999 V2000
    1.9356   -0.2231    0.0000 O   0  0  0  0  0  0  0  0  0  0  0  0
    1.7349   -2.3527    0.0000 O   0  0  0  0  0  0  0  0  0  0  0  0
    1.7349    1.8149    0.0000 O   0  0  0  0  0  0  0  0  0  0  0  0
    5.3440   -1.0939    0.0000 N   0  0  0  0  0  0  0  0  0  0  0  0
    3.2006   -0.6814    0.0000 C   0  0  1  0  0  0  0  0  0  0  0  0
    3.9151   -1.0939    0.0000 C   0  0  2  0  0  0  0  0  0  0  0  0
    4.6296   -0.6814    0.0000 C   0  0  1  0  0  0  0  0  0  0  0  0
    2.4861   -1.0939    0.0000 C   0  0  2  0  0  0  0  0  0  0  0  0
    3.6773   -0.0764    0.0000 C   0  0  0  0  0  0  0  0  0  0  0  0
    3.2006    0.1436    0.0000 C   0  0  0  0  0  0  0  0  0  0  0  0
    3.9151   -1.9190    0.0000 C   0  0  0  0  0  0  0  0  0  0  0  0
    4.6296    0.1436    0.0000 C   0  0  0  0  0  0  0  0  0  0  0  0
    4.8506   -0.0764    0.0000 C   0  0  0  0  0  0  0  0  0  0  0  0
    3.9151    0.5561    0.0000 C   0  0  0  0  0  0  0  0  0  0  0  0
    3.2006   -2.3315    0.0000 C   0  0  0  0  0  0  0  0  0  0  0  0
    2.4861   -1.9190    0.0000 C   0  0  0  0  0  0  0  0  0  0  0  0
    2.4861    0.5561    0.0000 C   0  0  0  0  0  0  0  0  0  0  0  0
    5.9350   -1.7290    0.0000 C   0  0  0  0  0  0  0  0  0  0  0  0
    3.9151    1.3811    0.0000 C   0  0  0  0  0  0  0  0  0  0  0  0
    2.4861    1.3811    0.0000 C   0  0  0  0  0  0  0  0  0  0  0  0
    3.2006    1.7936    0.0000 C   0  0  0  0  0  0  0  0  0  0  0  0
    4.3612   -1.6255    0.0000 H   0  0  0  0  0  0  0  0  0  0  0  0
    4.8675   -1.3334    0.0000 H   0  0  0  0  0  0  0  0  0  0  0  0
    1.8196   -1.2870    0.0000 H   0  0  0  0  0  0  0  0  0  0  0  0
  1  8  1  0  0  0  0
  1 17  1  0  0  0  0
  2 16  2  0  0  0  0
  3 20  1  0  0  0  0
  4  7  1  0  0  0  0
  4 13  1  0  0  0  0
  4 18  1  0  0  0  0
  5  6  1  0  0  0  0
  5  8  1  0  0  0  0
  5  9  1  1  0  0  0
  5 10  1  0  0  0  0
  6  7  1  0  0  0  0
  6 11  1  0  0  0  0
  6 22  1  1  0  0  0
  7 12  1  0  0  0  0
  7 23  1  6  0  0  0
  8 16  1  0  0  0  0
  8 24  1  1  0  0  0
  9 13  1  0  0  0  0
 10 14  2  0  0  0  0
 10 17  1  0  0  0  0
 11 15  1  0  0  0  0
 12 14  1  0  0  0  0
 14 19  1  0  0  0  0
 15 16  1  0  0  0  0
 17 20  2  0  0  0  0
 19 21  2  0  0  0  0
 20 21  1  0  0  0  0
M  END
