
  Mrv1909 02012019482D          

 38 45  0  0  0  0            999 V2000
   -0.7145   -0.8358    0.0000 C   0  0  0  0  0  0  0  0  0  0  0  0
   -1.4289   -0.4233    0.0000 C   0  0  0  0  0  0  0  0  0  0  0  0
   -1.4289    0.4016    0.0000 C   0  0  0  0  0  0  0  0  0  0  0  0
   -0.7145    0.8141    0.0000 C   0  0  0  0  0  0  0  0  0  0  0  0
    0.0000    0.4016    0.0000 C   0  0  0  0  0  0  0  0  0  0  0  0
    0.0000   -0.4233    0.0000 C   0  0  0  0  0  0  0  0  0  0  0  0
    0.7145   -0.8358    0.0000 C   0  0  0  0  0  0  0  0  0  0  0  0
    0.7145    0.8141    0.0000 C   0  0  0  0  0  0  0  0  0  0  0  0
    1.4289    0.4016    0.0000 C   0  0  0  0  0  0  0  0  0  0  0  0
    1.4289   -0.4233    0.0000 C   0  0  0  0  0  0  0  0  0  0  0  0
   -2.1434    0.8141    0.0000 C   0  0  0  0  0  0  0  0  0  0  0  0
   -2.1434   -0.8358    0.0000 C   0  0  0  0  0  0  0  0  0  0  0  0
   -2.8579   -0.4233    0.0000 C   0  0  0  0  0  0  0  0  0  0  0  0
   -2.8579    0.4016    0.0000 C   0  0  0  0  0  0  0  0  0  0  0  0
    2.1434    0.8141    0.0000 C   0  0  0  0  0  0  0  0  0  0  0  0
    2.1434   -0.8358    0.0000 C   0  0  0  0  0  0  0  0  0  0  0  0
    2.8579   -0.4233    0.0000 O   0  0  0  0  0  0  0  0  0  0  0  0
    2.8579    0.4016    0.0000 O   0  0  0  0  0  0  0  0  0  0  0  0
    1.4290    2.0516    0.0000 C   0  0  0  0  0  0  0  0  0  0  0  0
    2.1435    1.6391    0.0000 C   0  0  0  0  0  0  0  0  0  0  0  0
    0.7145    1.6608    0.0000 C   0  0  0  0  0  0  0  0  0  0  0  0
    0.0001    2.0733    0.0000 C   0  0  0  0  0  0  0  0  0  0  0  0
   -0.7144    1.6608    0.0000 C   0  0  0  0  0  0  0  0  0  0  0  0
   -1.4288    2.0734    0.0000 C   0  0  0  0  0  0  0  0  0  0  0  0
   -2.1433    1.6610    0.0000 C   0  0  0  0  0  0  0  0  0  0  0  0
    2.1434   -1.6608    0.0000 C   0  0  0  0  0  0  0  0  0  0  0  0
    1.4290   -2.0733    0.0000 C   0  0  0  0  0  0  0  0  0  0  0  0
    0.7145   -1.6608    0.0000 C   0  0  0  0  0  0  0  0  0  0  0  0
    0.0000   -2.0733    0.0000 C   0  0  0  0  0  0  0  0  0  0  0  0
   -0.7145   -1.6608    0.0000 C   0  0  0  0  0  0  0  0  0  0  0  0
   -1.4289   -2.0734    0.0000 C   0  0  0  0  0  0  0  0  0  0  0  0
   -2.1434   -1.6609    0.0000 C   0  0  0  0  0  0  0  0  0  0  0  0
    1.4290    2.8766    0.0000 O   0  0  0  0  0  0  0  0  0  0  0  0
   -1.4288    2.8984    0.0000 O   0  0  0  0  0  0  0  0  0  0  0  0
    1.4290   -2.8983    0.0000 O   0  0  0  0  0  0  0  0  0  0  0  0
   -1.4289   -2.8984    0.0000 O   0  0  0  0  0  0  0  0  0  0  0  0
    0.0000   -2.8983    0.0000 O   0  0  0  0  0  0  0  0  0  0  0  0
    0.0001    2.8983    0.0000 O   0  0  0  0  0  0  0  0  0  0  0  0
 15  9  2  0  0  0  0
  9 10  1  0  0  0  0
 10 16  2  0  0  0  0
 23  4  2  0  0  0  0
  5  4  1  0  0  0  0
  5  6  2  0  0  0  0
  6  1  1  0  0  0  0
  1 30  2  0  0  0  0
  2  1  1  0  0  0  0
  2 12  2  0  0  0  0
  4  3  1  0  0  0  0
  3  2  1  0  0  0  0
  3 11  2  0  0  0  0
  9  8  1  0  0  0  0
  8  5  1  0  0  0  0
  8 21  2  0  0  0  0
 10  7  1  0  0  0  0
  6  7  1  0  0  0  0
 28  7  2  0  0  0  0
 12 13  1  0  0  0  0
 11 14  1  0  0  0  0
 16 17  1  0  0  0  0
 15 18  1  0  0  0  0
 22 21  1  0  0  0  0
 22 23  1  0  0  0  0
 28 29  1  0  0  0  0
 29 30  1  0  0  0  0
 16 26  1  0  0  0  0
 27 28  1  0  0  0  0
 26 27  2  0  0  0  0
 30 31  1  0  0  0  0
 31 32  2  0  0  0  0
 32 12  1  0  0  0  0
 19 21  1  0  0  0  0
 19 20  2  0  0  0  0
 20 15  1  0  0  0  0
 24 23  1  0  0  0  0
 24 25  2  0  0  0  0
 11 25  1  0  0  0  0
 19 33  1  0  0  0  0
 24 34  1  0  0  0  0
 27 35  1  0  0  0  0
 31 36  1  0  0  0  0
 29 37  2  0  0  0  0
 22 38  2  0  0  0  0
M  END
