
  Mrv1909 08132003412D          

 19 18  0  0  0  0            999 V2000
    2.2539    2.8874    0.0000 C   0  0  0  0  0  0  0  0  0  0  0  0
    1.5395    2.4749    0.0000 C   0  0  0  0  0  0  0  0  0  0  0  0
    1.5395    1.6500    0.0000 C   0  0  0  0  0  0  0  0  0  0  0  0
    0.8250    1.2374    0.0000 C   0  0  0  0  0  0  0  0  0  0  0  0
    0.8250    0.4125    0.0000 C   0  0  0  0  0  0  0  0  0  0  0  0
    0.1105    0.0000    0.0000 N   0  0  0  0  0  0  0  0  0  0  0  0
    0.1105   -0.8250    0.0000 C   0  0  0  0  0  0  0  0  0  0  0  0
   -0.6039   -1.2375    0.0000 C   0  0  0  0  0  0  0  0  0  0  0  0
   -0.6039   -2.0625    0.0000 C   0  0  0  0  0  0  0  0  0  0  0  0
   -0.6039    0.4125    0.0000 C   0  0  0  0  0  0  0  0  0  0  0  0
   -0.6039   -2.8875    0.0000 O   0  0  0  0  0  0  0  0  0  0  0  0
    0.2210   -2.0625    0.0000 P   0  0  0  0  0  0  0  0  0  0  0  0
   -1.4289   -2.0625    0.0000 P   0  0  0  0  0  0  0  0  0  0  0  0
    1.0460   -2.0625    0.0000 O   0  0  0  0  0  0  0  0  0  0  0  0
    0.2210   -2.8875    0.0000 O   0  0  0  0  0  0  0  0  0  0  0  0
    0.2210   -1.2375    0.0000 O   0  0  0  0  0  0  0  0  0  0  0  0
   -1.4289   -2.8875    0.0000 O   0  0  0  0  0  0  0  0  0  0  0  0
   -2.2539   -2.0625    0.0000 O   0  0  0  0  0  0  0  0  0  0  0  0
   -1.4289   -1.2375    0.0000 O   0  0  0  0  0  0  0  0  0  0  0  0
  6 10  1  0  0  0  0
  2  3  1  0  0  0  0
  9 11  1  0  0  0  0
  5  6  1  0  0  0  0
  9 12  1  0  0  0  0
  1  2  1  0  0  0  0
  9 13  1  0  0  0  0
  6  7  1  0  0  0  0
 12 14  1  0  0  0  0
  3  4  1  0  0  0  0
 12 15  1  0  0  0  0
  7  8  1  0  0  0  0
 12 16  2  0  0  0  0
 13 17  1  0  0  0  0
  8  9  1  0  0  0  0
 13 18  1  0  0  0  0
  4  5  1  0  0  0  0
 13 19  2  0  0  0  0
M  END
