
  Mrv1718011211817282D          

 25 27  0  0  0  0            999 V2000
   -3.4040    1.0816    0.0000 C   0  0  0  0  0  0  0  0  0  0  0  0
   -4.1184    0.6692    0.0000 C   0  0  0  0  0  0  0  0  0  0  0  0
   -4.1184   -0.1558    0.0000 C   0  0  0  0  0  0  0  0  0  0  0  0
   -3.4040   -0.5683    0.0000 C   0  0  0  0  0  0  0  0  0  0  0  0
   -2.6894   -0.1558    0.0000 C   0  0  0  0  0  0  0  0  0  0  0  0
   -2.6894    0.6692    0.0000 C   0  0  0  0  0  0  0  0  0  0  0  0
   -4.8329    1.0816    0.0000 Cl  0  0  0  0  0  0  0  0  0  0  0  0
   -1.9751   -0.5683    0.0000 C   0  0  0  0  0  0  0  0  0  0  0  0
   -1.2606   -0.1558    0.0000 N   0  0  0  0  0  0  0  0  0  0  0  0
   -1.9751   -1.3932    0.0000 O   0  0  0  0  0  0  0  0  0  0  0  0
   -0.5069   -0.4913    0.0000 C   0  0  0  0  0  0  0  0  0  0  0  0
    0.0451    0.1216    0.0000 C   0  0  0  0  0  0  0  0  0  0  0  0
   -0.3673    0.8361    0.0000 C   0  0  0  0  0  0  0  0  0  0  0  0
   -1.1742    0.6646    0.0000 C   0  0  0  0  0  0  0  0  0  0  0  0
   -1.7873    1.2165    0.0000 C   0  0  0  0  0  0  0  0  0  0  0  0
   -0.0318    1.5898    0.0000 C   0  0  0  0  0  0  0  0  0  0  0  0
   -0.5167    2.2572    0.0000 C   0  0  0  0  0  0  0  0  0  0  0  0
   -1.3372    2.1710    0.0000 O   0  0  0  0  0  0  0  0  0  0  0  0
   -0.1812    3.0109    0.0000 O   0  0  0  0  0  0  0  0  0  0  0  0
   -0.2519   -1.2760    0.0000 C   0  0  0  0  0  0  0  0  0  0  0  0
    0.5548   -1.4476    0.0000 C   0  0  0  0  0  0  0  0  0  0  0  0
    1.1070   -0.8346    0.0000 C   0  0  0  0  0  0  0  0  0  0  0  0
    0.8521   -0.0497    0.0000 C   0  0  0  0  0  0  0  0  0  0  0  0
    1.9139   -1.0062    0.0000 O   0  0  0  0  0  0  0  0  0  0  0  0
    2.4660   -0.3931    0.0000 C   0  0  0  0  0  0  0  0  0  0  0  0
  1  2  2  0  0  0  0
  2  3  1  0  0  0  0
  3  4  2  0  0  0  0
  4  5  1  0  0  0  0
  5  6  2  0  0  0  0
  6  1  1  0  0  0  0
  5  8  1  0  0  0  0
 11 12  2  0  0  0  0
 12 13  1  0  0  0  0
 13 14  2  0  0  0  0
 14 15  1  0  0  0  0
 13 16  1  0  0  0  0
 16 17  1  0  0  0  0
 20 21  2  0  0  0  0
 21 22  1  0  0  0  0
 22 23  2  0  0  0  0
 11 20  1  0  0  0  0
 23 12  1  0  0  0  0
  2  7  1  0  0  0  0
  8 10  2  0  0  0  0
  8  9  1  0  0  0  0
  9 11  1  0  0  0  0
  9 14  1  0  0  0  0
 22 24  1  0  0  0  0
 24 25  1  0  0  0  0
 17 18  2  0  0  0  0
 17 19  1  0  0  0  0
M  END
