
  Marvin  09100816502D          

 15 16  0  0  0  0            999 V2000
   -2.5424    0.6856    0.0000 C   0  0  0  0  0  0  0  0  0  0  0  0
   -0.1276   -0.0990    0.0000 C   0  0  0  0  0  0  0  0  0  0  0  0
   -1.8750    1.1705    0.0000 O   0  0  0  0  0  0  0  0  0  0  0  0
   -0.7951   -0.5839    0.0000 O   0  0  0  0  0  0  0  0  0  0  0  0
   -0.3826    0.6856    0.0000 C   0  0  1  0  0  0  0  0  0  0  0  0
   -2.2875   -0.0990    0.0000 C   0  0  2  0  0  0  0  0  0  0  0  0
   -1.2076    0.6856    0.0000 C   0  0  2  0  0  0  0  0  0  0  0  0
   -1.4625   -0.0990    0.0000 C   0  0  2  0  0  0  0  0  0  0  0  0
   -1.2076    1.5106    0.0000 H   0  0  0  0  0  0  0  0  0  0  0  0
   -1.4625   -0.9240    0.0000 H   0  0  0  0  0  0  0  0  0  0  0  0
   -2.8709   -0.6823    0.0000 O   0  0  0  0  0  0  0  0  0  0  0  0
    0.2008    1.2690    0.0000 O   0  0  0  0  0  0  0  0  0  0  0  0
   -4.1084    0.0321    0.0000 O   0  5  0  0  0  0  0  0  0  0  0  0
   -3.6959   -0.6823    0.0000 N   0  3  0  0  0  0  0  0  0  0  0  0
   -4.2792   -1.2657    0.0000 O   0  0  0  0  0  0  0  0  0  0  0  0
  3  1  1  0  0  0  0
  3  7  1  0  0  0  0
  1  6  1  0  0  0  0
  6  8  1  0  0  0  0
  4  8  1  0  0  0  0
  7  8  1  0  0  0  0
  5  7  1  0  0  0  0
  4  2  1  0  0  0  0
  2  5  1  0  0  0  0
  5 12  1  1  0  0  0
  6 11  1  6  0  0  0
  7  9  1  1  0  0  0
  8 10  1  1  0  0  0
 11 14  1  0  0  0  0
 14 13  1  0  0  0  0
 14 15  2  0  0  0  0
M  CHG  2  13  -1  14   1
M  END
