
  Mrv1909 12311917082D          

 23 25  0  0  0  0            999 V2000
   -1.0266   -1.3885    0.0000 S   0  0  0  0  0  0  0  0  0  0  0  0
   -0.3088   -0.9817    0.0000 N   0  0  0  0  0  0  0  0  0  0  0  0
   -0.3088   -0.1683    0.0000 C   0  0  0  0  0  0  0  0  0  0  0  0
   -1.0266    0.2384    0.0000 C   0  0  0  0  0  0  0  0  0  0  0  0
    0.4328    0.2623    0.0000 C   0  0  0  0  0  0  0  0  0  0  0  0
   -1.7204   -0.9817    0.0000 C   0  0  0  0  0  0  0  0  0  0  0  0
   -1.7204   -0.1683    0.0000 C   0  0  0  0  0  0  0  0  0  0  0  0
    1.8772    0.2351    0.0000 C   0  0  0  0  0  0  0  0  0  0  0  0
    1.1506   -0.1683    0.0000 N   0  0  0  0  0  0  0  0  0  0  0  0
    2.6668   -0.0225    0.0000 N   0  0  0  0  0  0  0  0  0  0  0  0
    1.8783    1.0656    0.0000 C   0  0  0  0  0  0  0  0  0  0  0  0
    3.1559    0.6487    0.0000 O   0  0  0  0  0  0  0  0  0  0  0  0
    2.6685    1.3213    0.0000 C   0  0  0  0  0  0  0  0  0  0  0  0
    0.4328    1.0758    0.0000 O   0  0  0  0  0  0  0  0  0  0  0  0
   -1.0266    1.0758    0.0000 O   0  0  0  0  0  0  0  0  0  0  0  0
    0.4328   -1.4124    0.0000 C   0  0  0  0  0  0  0  0  0  0  0  0
   -2.4382    0.2384    0.0000 C   0  0  0  0  0  0  0  0  0  0  0  0
   -2.4382   -1.3885    0.0000 C   0  0  0  0  0  0  0  0  0  0  0  0
    2.9262    2.1108    0.0000 C   0  0  0  0  0  0  0  0  0  0  0  0
   -3.1559   -0.1683    0.0000 C   0  0  0  0  0  0  0  0  0  0  0  0
   -3.1559   -0.9817    0.0000 C   0  0  0  0  0  0  0  0  0  0  0  0
   -0.6166   -2.1108    0.0000 O   0  0  0  0  0  0  0  0  0  0  0  0
   -1.4471   -2.1108    0.0000 O   0  0  0  0  0  0  0  0  0  0  0  0
  2  1  1  0  0  0  0
  6  1  1  0  0  0  0
  3  2  1  0  0  0  0
 16  2  1  0  0  0  0
  5  3  1  0  0  0  0
  4  3  2  0  0  0  0
  7  4  1  0  0  0  0
 15  4  1  0  0  0  0
  9  5  1  0  0  0  0
 14  5  2  0  0  0  0
  7  6  2  0  0  0  0
 18  6  1  0  0  0  0
 17  7  1  0  0  0  0
  9  8  1  0  0  0  0
 10  8  2  0  0  0  0
 11  8  1  0  0  0  0
 12 10  1  0  0  0  0
 13 11  2  0  0  0  0
 13 12  1  0  0  0  0
 19 13  1  0  0  0  0
 20 17  2  0  0  0  0
 21 18  2  0  0  0  0
 21 20  1  0  0  0  0
 22  1  2  0  0  0  0
 23  1  2  0  0  0  0
M  END
