
  Mrv1718009261817072D          

 49 55  0  0  0  0            999 V2000
   -3.1327   -0.3073    0.0000 C   0  0  0  0  0  0  0  0  0  0  0  0
   -3.1327   -1.1323    0.0000 C   0  0  0  0  0  0  0  0  0  0  0  0
   -1.7038   -1.1323    0.0000 C   0  0  0  0  0  0  0  0  0  0  0  0
   -1.7038   -0.3073    0.0000 C   0  0  0  0  0  0  0  0  0  0  0  0
   -2.4182    0.9301    0.0000 C   0  0  0  0  0  0  0  0  0  0  0  0
   -3.1327    2.1675    0.0000 C   0  0  0  0  0  0  0  0  0  0  0  0
   -3.1327    1.3426    0.0000 C   0  0  0  0  0  0  0  0  0  0  0  0
   -1.7038    1.3426    0.0000 C   0  0  0  0  0  0  0  0  0  0  0  0
   -1.7038    2.1675    0.0000 C   0  0  0  0  0  0  0  0  0  0  0  0
   -2.4182   -2.3697    0.0000 C   0  0  0  0  0  0  0  0  0  0  0  0
   -3.1327   -2.7822    0.0000 C   0  0  0  0  0  0  0  0  0  0  0  0
   -3.1327   -3.6073    0.0000 C   0  0  0  0  0  0  0  0  0  0  0  0
   -1.7038   -3.6073    0.0000 C   0  0  0  0  0  0  0  0  0  0  0  0
   -1.7038   -2.7823    0.0000 C   0  0  0  0  0  0  0  0  0  0  0  0
   -3.0857    3.8900    0.0000 C   0  0  0  0  0  0  0  0  0  0  0  0
   -2.4182    2.5800    0.0000 C   0  0  0  0  0  0  0  0  0  0  0  0
   -2.4182    3.4050    0.0000 N   0  0  0  0  0  0  0  0  0  0  0  0
   -2.4182    0.1051    0.0000 N   0  0  0  0  0  0  0  0  0  0  0  0
   -2.4182   -1.5447    0.0000 N   0  0  0  0  0  0  0  0  0  0  0  0
   -2.8308    4.6746    0.0000 N   0  0  0  0  0  0  0  0  0  0  0  0
   -1.7509    3.8900    0.0000 C   0  0  0  0  0  0  0  0  0  0  0  0
   -0.9540    3.6765    0.0000 O   0  0  0  0  0  0  0  0  0  0  0  0
   -2.0058    4.6746    0.0000 N   0  0  0  0  0  0  0  0  0  0  0  0
   -0.7682    5.3890    0.0000 C   0  0  0  0  0  0  0  0  0  0  0  0
   -0.3557    6.1033    0.0000 C   0  0  0  0  0  0  0  0  0  0  0  0
   -1.5932    5.3891    0.0000 C   0  0  0  0  0  0  0  0  0  0  0  0
   -2.0057    6.1035    0.0000 C   0  0  0  0  0  0  0  0  0  0  0  0
   -2.4182   -4.0197    0.0000 C   0  0  0  0  0  0  0  0  0  0  0  0
   -2.4182   -4.8448    0.0000 O   0  0  0  0  0  0  0  0  0  0  0  0
   -1.7038   -5.2573    0.0000 C   0  0  0  0  0  0  0  0  0  0  0  0
   -0.9853   -4.0202    0.0000 C   0  0  0  0  0  0  0  0  0  0  0  0
   -0.9897   -4.8451    0.0000 C   0  0  1  0  0  0  0  0  0  0  0  0
   -0.2064   -5.1042    0.0000 O   0  0  0  0  0  0  0  0  0  0  0  0
   -0.1994   -3.7694    0.0000 O   0  0  0  0  0  0  0  0  0  0  0  0
    0.2818   -4.4393    0.0000 C   0  0  2  0  0  0  0  0  0  0  0  0
    0.9950   -4.8562    0.0000 C   0  0  0  0  0  0  0  0  0  0  0  0
    0.9913   -5.6811    0.0000 C   0  0  0  0  0  0  0  0  0  0  0  0
    1.7038   -6.0970    0.0000 C   0  0  0  0  0  0  0  0  0  0  0  0
    2.4239   -4.8627    0.0000 C   0  0  0  0  0  0  0  0  0  0  0  0
    2.4201   -5.6877    0.0000 C   0  0  0  0  0  0  0  0  0  0  0  0
    3.1327   -6.1035    0.0000 Cl  0  0  0  0  0  0  0  0  0  0  0  0
    1.7114   -4.4470    0.0000 C   0  0  0  0  0  0  0  0  0  0  0  0
    1.6704   -2.7225    0.0000 C   0  0  0  0  0  0  0  0  0  0  0  0
    0.5946   -1.9324    0.0000 C   0  0  0  0  0  0  0  0  0  0  0  0
    1.0003   -3.2040    0.0000 N   0  0  0  0  0  0  0  0  0  0  0  0
    0.3356   -2.7156    0.0000 N   0  0  0  0  0  0  0  0  0  0  0  0
    1.4195   -1.9367    0.0000 N   0  0  0  0  0  0  0  0  0  0  0  0
    0.9976   -4.0317    0.0000 C   0  0  0  0  0  0  0  0  0  0  0  0
    0.2751   -6.0983    0.0000 Cl  0  0  0  0  0  0  0  0  0  0  0  0
 18  1  1  0  0  0  0
 18  4  1  0  0  0  0
  1  2  1  0  0  0  0
  2 19  1  0  0  0  0
 19  3  1  0  0  0  0
  3  4  1  0  0  0  0
 18  5  1  0  0  0  0
 19 10  1  0  0  0  0
  7  5  2  0  0  0  0
  5  8  1  0  0  0  0
 16  6  2  0  0  0  0
 16  9  1  0  0  0  0
  6  7  1  0  0  0  0
  8  9  2  0  0  0  0
 10 11  2  0  0  0  0
 10 14  1  0  0  0  0
 11 12  1  0  0  0  0
 12 28  2  0  0  0  0
 28 13  1  0  0  0  0
 13 14  2  0  0  0  0
 15 17  1  0  0  0  0
 15 20  2  0  0  0  0
 17 21  1  0  0  0  0
 21 23  1  0  0  0  0
 23 20  1  0  0  0  0
 16 17  1  0  0  0  0
 21 22  2  0  0  0  0
 23 26  1  0  0  0  0
 26 24  1  0  0  0  0
 24 25  1  0  0  0  0
 26 27  1  0  0  0  0
 28 29  1  0  0  0  0
 29 30  1  0  0  0  0
 32 30  1  1  0  0  0
 33 35  1  0  0  0  0
 33 32  1  0  0  0  0
 35 34  1  0  0  0  0
 34 31  1  0  0  0  0
 31 32  1  0  0  0  0
 35 36  1  0  0  0  0
 42 36  2  0  0  0  0
 37 36  1  0  0  0  0
 37 38  2  0  0  0  0
 38 40  1  0  0  0  0
 40 39  2  0  0  0  0
 39 42  1  0  0  0  0
 40 41  1  0  0  0  0
 45 43  1  0  0  0  0
 45 46  1  0  0  0  0
 43 47  2  0  0  0  0
 47 44  1  0  0  0  0
 44 46  2  0  0  0  0
 45 48  1  0  0  0  0
 35 48  1  1  0  0  0
 37 49  1  0  0  0  0
M  END
