
  Mrv1718008311812172D          

 18 19  0  0  0  0            999 V2000
   -0.3485    0.8166    0.0000 C   0  0  0  0  0  0  0  0  0  0  0  0
   -0.3485   -0.0083    0.0000 C   0  0  0  0  0  0  0  0  0  0  0  0
    0.3633   -0.4165    0.0000 C   0  0  0  0  0  0  0  0  0  0  0  0
    1.0754   -0.0083    0.0000 C   0  0  0  0  0  0  0  0  0  0  0  0
    1.0754    0.8166    0.0000 C   0  0  0  0  0  0  0  0  0  0  0  0
    0.3633    1.2334    0.0000 N   0  0  0  0  0  0  0  0  0  0  0  0
    0.3633    2.0584    0.0000 C   0  0  0  0  0  0  0  0  0  0  0  0
   -0.3570   -0.8250    0.0000 C   0  0  0  0  0  0  0  0  0  0  0  0
    1.0722   -0.8291    0.0000 C   0  0  0  0  0  0  0  0  0  0  0  0
    1.0716   -1.6480    0.0000 O   0  0  0  0  0  0  0  0  0  0  0  0
   -1.0703   -0.4023    0.0000 C   0  0  0  0  0  0  0  0  0  0  0  0
   -1.7901   -0.8100    0.0000 C   0  0  0  0  0  0  0  0  0  0  0  0
   -1.7971   -1.6389    0.0000 C   0  0  0  0  0  0  0  0  0  0  0  0
   -1.0783   -2.0584    0.0000 C   0  0  0  0  0  0  0  0  0  0  0  0
   -0.3613   -1.6484    0.0000 C   0  0  0  0  0  0  0  0  0  0  0  0
    1.7875   -0.4181    0.0000 C   0  0  0  0  0  0  0  0  0  0  0  0
    2.5011   -0.8320    0.0000 C   0  0  0  0  0  0  0  0  0  0  0  0
   -2.5011   -0.3915    0.0000 O   0  0  0  0  0  0  0  0  0  0  0  0
  3  9  1  0  0  0  0
  2  3  1  0  0  0  0
  9 10  2  0  0  0  0
  3  4  1  0  0  0  0
  8 11  2  0  0  0  0
  4  5  1  0  0  0  0
 11 12  1  0  0  0  0
  5  6  1  0  0  0  0
 12 13  2  0  0  0  0
 13 14  1  0  0  0  0
  6  7  1  0  0  0  0
 14 15  2  0  0  0  0
 15  8  1  0  0  0  0
  1  2  1  0  0  0  0
  9 16  1  0  0  0  0
  3  8  1  0  0  0  0
 16 17  1  0  0  0  0
  1  6  1  0  0  0  0
 12 18  1  0  0  0  0
M  END
