
  Mrv1909 11171900382D          

 45 48  0  0  0  0            999 V2000
   -6.3822   -0.4136    0.0000 C   0  0  0  0  0  0  0  0  0  0  0  0
   -6.3822    0.4113    0.0000 C   0  0  0  0  0  0  0  0  0  0  0  0
   -5.6677    0.8239    0.0000 C   0  0  0  0  0  0  0  0  0  0  0  0
   -4.9531    0.4113    0.0000 C   0  0  0  0  0  0  0  0  0  0  0  0
   -4.9531   -0.4136    0.0000 C   0  0  0  0  0  0  0  0  0  0  0  0
   -5.6677   -0.8262    0.0000 C   0  0  0  0  0  0  0  0  0  0  0  0
   -4.2386    0.8239    0.0000 C   0  0  0  0  0  0  0  0  0  0  0  0
   -3.5241    0.4113    0.0000 C   0  0  0  0  0  0  0  0  0  0  0  0
   -3.5241   -0.4136    0.0000 C   0  0  1  0  0  0  0  0  0  0  0  0
   -4.2386   -0.8262    0.0000 C   0  0  1  0  0  0  0  0  0  0  0  0
   -2.8095    0.8239    0.0000 C   0  0  0  0  0  0  0  0  0  0  0  0
   -2.0950    0.4113    0.0000 C   0  0  1  0  0  0  0  0  0  0  0  0
   -2.0950   -0.4136    0.0000 C   0  0  1  0  0  0  0  0  0  0  0  0
   -2.8095   -0.8262    0.0000 C   0  0  0  0  0  0  0  0  0  0  0  0
   -1.3805    0.8239    0.0000 C   0  0  0  0  0  0  0  0  0  0  0  0
   -0.6658    0.4113    0.0000 C   0  0  0  0  0  0  0  0  0  0  0  0
   -0.6658   -0.4136    0.0000 C   0  0  0  0  0  0  0  0  0  0  0  0
   -1.3805   -0.8262    0.0000 C   0  0  1  0  0  0  0  0  0  0  0  0
   -5.6677    1.6488    0.0000 O   0  0  0  0  0  0  0  0  0  0  0  0
   -4.2386    1.6489    0.0000 O   0  0  0  0  0  0  0  0  0  0  0  0
   -2.8095    1.6488    0.0000 O   0  0  0  0  0  0  0  0  0  0  0  0
   -1.3805    1.6489    0.0000 O   0  0  0  0  0  0  0  0  0  0  0  0
    0.0619   -0.8341    0.0000 O   0  0  0  0  0  0  0  0  0  0  0  0
    0.0619    0.8318    0.0000 C   0  0  0  0  0  0  0  0  0  0  0  0
    0.7735    0.4211    0.0000 N   0  0  0  0  0  0  0  0  0  0  0  0
    0.0617    1.6489    0.0000 O   0  0  0  0  0  0  0  0  0  0  0  0
    1.4695    0.8233    0.0000 C   0  0  0  0  0  0  0  0  0  0  0  0
    2.1736    0.4167    0.0000 N   0  0  0  0  0  0  0  0  0  0  0  0
    2.8735    0.8210    0.0000 C   0  0  0  0  0  0  0  0  0  0  0  0
    3.5756    0.4156    0.0000 C   0  0  0  0  0  0  0  0  0  0  0  0
    4.2764    0.8205    0.0000 C   0  0  0  0  0  0  0  0  0  0  0  0
    4.9781    0.4153    0.0000 C   0  0  0  0  0  0  0  0  0  0  0  0
    5.6791    0.8203    0.0000 C   0  0  2  0  0  0  0  0  0  0  0  0
    6.3807    0.4153    0.0000 N   0  0  0  0  0  0  0  0  0  0  0  0
    5.6791    1.6488    0.0000 C   0  0  0  0  0  0  0  0  0  0  0  0
    4.9532    2.0682    0.0000 O   0  0  0  0  0  0  0  0  0  0  0  0
    6.3822    2.0549    0.0000 O   0  0  0  0  0  0  0  0  0  0  0  0
   -4.2386   -1.6512    0.0000 C   0  0  0  0  0  0  0  0  0  0  0  0
   -4.9520   -1.2380    0.0000 O   0  0  0  0  0  0  0  0  0  0  0  0
   -3.5295   -1.2380    0.0000 H   0  0  0  0  0  0  0  0  0  0  0  0
   -2.0950   -1.2387    0.0000 H   0  0  0  0  0  0  0  0  0  0  0  0
   -1.3805   -1.6512    0.0000 N   0  0  0  0  0  0  0  0  0  0  0  0
   -2.1026   -2.0682    0.0000 C   0  0  0  0  0  0  0  0  0  0  0  0
   -0.6735   -2.0595    0.0000 C   0  0  0  0  0  0  0  0  0  0  0  0
   -2.0950    1.2364    0.0000 O   0  0  0  0  0  0  0  0  0  0  0  0
  1  2  2  0  0  0  0
  2  3  1  0  0  0  0
  3  4  2  0  0  0  0
  4  5  1  0  0  0  0
  5  6  2  0  0  0  0
  1  6  1  0  0  0  0
  4  7  1  0  0  0  0
  7  8  1  0  0  0  0
  8  9  1  0  0  0  0
  9 10  1  0  0  0  0
  5 10  1  0  0  0  0
  8 11  2  0  0  0  0
 11 12  1  0  0  0  0
 12 13  1  0  0  0  0
 13 14  1  0  0  0  0
  9 14  1  0  0  0  0
 12 15  1  0  0  0  0
 15 16  1  0  0  0  0
 16 17  2  0  0  0  0
 17 18  1  0  0  0  0
 13 18  1  0  0  0  0
  3 19  1  0  0  0  0
  7 20  2  0  0  0  0
 11 21  1  0  0  0  0
 15 22  2  0  0  0  0
 17 23  1  0  0  0  0
 16 24  1  0  0  0  0
 24 25  1  0  0  0  0
 24 26  2  0  0  0  0
 25 27  1  0  0  0  0
 27 28  1  0  0  0  0
 28 29  1  0  0  0  0
 29 30  1  0  0  0  0
 30 31  1  0  0  0  0
 31 32  1  0  0  0  0
 32 33  1  0  0  0  0
 33 34  1  0  0  0  0
 33 35  1  1  0  0  0
 35 36  2  0  0  0  0
 35 37  1  0  0  0  0
 10 38  1  1  0  0  0
 10 39  1  6  0  0  0
  9 40  1  1  0  0  0
 13 41  1  1  0  0  0
 18 42  1  1  0  0  0
 42 43  1  0  0  0  0
 42 44  1  0  0  0  0
 12 45  1  1  0  0  0
M  END
