medroxalol
  CDK     0223171738
null
 27 29  0  0  0  0  0  0  0  0999 V2000
    1.4289   -3.2120    0.0000 C   0  0  0  0  0  0  0  0  0  0  0  0
    0.7124   -3.6235    0.0000 C   0  0  0  0  0  0  0  0  0  0  0  0
    2.1434   -3.6235    0.0000 C   0  0  0  0  0  0  0  0  0  0  0  0
   -0.0021   -3.2120    0.0000 C   0  0  0  0  0  0  0  0  0  0  0  0
    2.8578   -3.2120    0.0000 C   0  0  0  0  0  0  0  0  0  0  0  0
    2.1434   -4.4485    0.0000 C   0  0  0  0  0  0  0  0  0  0  0  0
   -0.7165   -3.6235    0.0000 N   0  0  0  0  0  0  0  0  0  0  0  0
   -0.0021   -2.3870    0.0000 C   0  0  0  0  0  0  0  0  0  0  0  0
    3.5723   -3.6235    0.0000 C   0  0  0  0  0  0  0  0  0  0  0  0
    2.8578   -4.8620    0.0000 C   0  0  0  0  0  0  0  0  0  0  0  0
   -1.4310   -3.2120    0.0000 C   0  0  0  0  0  0  0  0  0  0  0  0
    3.5723   -4.4485    0.0000 C   0  0  0  0  0  0  0  0  0  0  0  0
    4.2888   -3.2120    0.0000 O   0  0  0  0  0  0  0  0  0  0  0  0
   -2.1454   -3.6235    0.0000 C   0  0  0  0  0  0  0  0  0  0  0  0
    5.0012   -4.4485    0.0000 O   0  0  0  0  0  0  0  0  0  0  0  0
    5.0012   -3.6235    0.0000 C   0  0  0  0  0  0  0  0  0  0  0  0
   -2.1454   -4.4485    0.0000 O   0  0  0  0  0  0  0  0  0  0  0  0
   -2.8599   -3.2120    0.0000 C   0  0  0  0  0  0  0  0  0  0  0  0
   -2.8599   -2.3870    0.0000 C   0  0  0  0  0  0  0  0  0  0  0  0
   -3.5764   -3.6235    0.0000 C   0  0  0  0  0  0  0  0  0  0  0  0
   -3.5764   -1.9735    0.0000 C   0  0  0  0  0  0  0  0  0  0  0  0
   -4.2888   -3.2120    0.0000 C   0  0  0  0  0  0  0  0  0  0  0  0
   -3.5764   -1.1485    0.0000 C   0  0  0  0  0  0  0  0  0  0  0  0
   -4.2888   -2.3870    0.0000 C   0  0  0  0  0  0  0  0  0  0  0  0
   -2.8599   -0.7370    0.0000 N   0  0  0  0  0  0  0  0  0  0  0  0
   -4.2908   -0.7370    0.0000 O   0  0  0  0  0  0  0  0  0  0  0  0
   -5.0033   -1.9735    0.0000 O   0  0  0  0  0  0  0  0  0  0  0  0
  1  2  1  0  0  0  0 
  1  3  1  0  0  0  0 
  2  4  1  0  0  0  0 
  3  5  2  0  0  0  0 
  3  6  1  0  0  0  0 
  4  7  1  0  0  0  0 
  4  8  1  0  0  0  0 
  5  9  1  0  0  0  0 
  6 10  2  0  0  0  0 
  7 11  1  0  0  0  0 
  9 12  2  0  0  0  0 
  9 13  1  0  0  0  0 
 10 12  1  0  0  0  0 
 11 14  1  0  0  0  0 
 12 15  1  0  0  0  0 
 13 16  1  0  0  0  0 
 14 17  1  0  0  0  0 
 14 18  1  0  0  0  0 
 15 16  1  0  0  0  0 
 18 19  2  0  0  0  0 
 18 20  1  0  0  0  0 
 19 21  1  0  0  0  0 
 20 22  2  0  0  0  0 
 21 23  1  0  0  0  0 
 21 24  2  0  0  0  0 
 22 24  1  0  0  0  0 
 23 25  1  0  0  0  0 
 23 26  2  0  0  0  0 
 24 27  1  0  0  0  0 
M  END
