
  Mrv1909 07102021182D          

 34 36  0  0  0  0            999 V2000
   -1.4289   -1.6500    0.0000 C   0  0  0  0  0  0  0  0  0  0  0  0
   -3.5724   -2.8875    0.0000 C   0  0  0  0  0  0  0  0  0  0  0  0
   -4.2868   -1.6500    0.0000 C   0  0  0  0  0  0  0  0  0  0  0  0
   -2.8579   -2.4750    0.0000 C   0  0  0  0  0  0  0  0  0  0  0  0
   -3.5724   -1.2375    0.0000 C   0  0  0  0  0  0  0  0  0  0  0  0
   -7.1447   -2.4750    0.0000 C   0  0  0  0  0  0  0  0  0  0  0  0
   -7.8592   -2.8875    0.0000 C   0  0  0  0  0  0  0  0  0  0  0  0
   -1.4289    0.8250    0.0000 C   0  0  0  0  0  0  0  0  0  0  0  0
   -2.1434   -0.4125    0.0000 C   0  0  0  0  0  0  0  0  0  0  0  0
   -4.2868   -2.4750    0.0000 C   0  0  0  0  0  0  0  0  0  0  0  0
   -1.4289    0.0000    0.0000 C   0  0  0  0  0  0  0  0  0  0  0  0
   -2.8579   -1.6500    0.0000 C   0  0  0  0  0  0  0  0  0  0  0  0
   -6.4302   -2.8875    0.0000 C   0  0  1  0  0  0  0  0  0  0  0  0
   -8.5737   -2.4750    0.0000 C   0  0  0  0  0  0  0  0  0  0  0  0
   -0.0000    0.0000    0.0000 C   0  0  0  0  0  0  0  0  0  0  0  0
    0.7145   -0.4125    0.0000 C   0  0  0  0  0  0  0  0  0  0  0  0
   -0.0000    0.8250    0.0000 C   0  0  0  0  0  0  0  0  0  0  0  0
   -5.0013   -2.8875    0.0000 C   0  0  0  0  0  0  0  0  0  0  0  0
   -6.4302   -3.7125    0.0000 C   0  0  0  0  0  0  0  0  0  0  0  0
    1.4289    0.8250    0.0000 C   0  0  0  0  0  0  0  0  0  0  0  0
    0.7145   -1.2375    0.0000 N   0  0  0  0  0  0  0  0  0  0  0  0
    2.1434    1.2375    0.0000 N   0  0  0  0  0  0  0  0  0  0  0  0
   -0.7145    1.2375    0.0000 N   0  0  0  0  0  0  0  0  0  0  0  0
   -0.7145   -0.4125    0.0000 N   0  0  0  0  0  0  0  0  0  0  0  0
   -5.7158   -2.4750    0.0000 N   0  0  0  0  0  0  0  0  0  0  0  0
    1.4289    0.0000    0.0000 N   0  0  0  0  0  0  0  0  0  0  0  0
    0.7145    1.2375    0.0000 N   0  0  0  0  0  0  0  0  0  0  0  0
   -2.1434   -1.2375    0.0000 N   0  0  0  0  0  0  0  0  0  0  0  0
   -9.2881   -2.8875    0.0000 O   0  0  0  0  0  0  0  0  0  0  0  0
   -8.5737   -1.6500    0.0000 O   0  0  0  0  0  0  0  0  0  0  0  0
   -5.0013   -3.7125    0.0000 O   0  0  0  0  0  0  0  0  0  0  0  0
   -5.7158   -4.1250    0.0000 O   0  0  0  0  0  0  0  0  0  0  0  0
   -7.1447   -4.1250    0.0000 O   0  0  0  0  0  0  0  0  0  0  0  0
   -7.1447   -3.3000    0.0000 H   0  0  0  0  0  0  0  0  0  0  0  0
  4  2  1  0  0  0  0
  5  3  2  0  0  0  0
  7  6  1  0  0  0  0
 10  2  2  0  0  0  0
 10  3  1  0  0  0  0
 11  8  1  0  0  0  0
 11  9  1  0  0  0  0
 12  4  2  0  0  0  0
 12  5  1  0  0  0  0
 13  6  1  0  0  0  0
 14  7  1  0  0  0  0
 16 15  2  0  0  0  0
 17 15  1  0  0  0  0
 18 10  1  0  0  0  0
 13 19  1  0  0  0  0
 21 16  1  0  0  0  0
 22 20  2  0  0  0  0
 23  8  2  0  0  0  0
 23 17  1  0  0  0  0
 24 11  2  0  0  0  0
 24 15  1  0  0  0  0
 13 25  1  0  0  0  0
 25 18  1  0  0  0  0
 26 16  1  0  0  0  0
 26 20  1  0  0  0  0
 27 17  2  0  0  0  0
 27 20  1  0  0  0  0
 28  1  1  0  0  0  0
 28  9  1  0  0  0  0
 28 12  1  0  0  0  0
 29 14  2  0  0  0  0
 30 14  1  0  0  0  0
 31 18  2  0  0  0  0
 32 19  2  0  0  0  0
 33 19  1  0  0  0  0
 13 34  1  1  0  0  0
M  END
