
  Mrv1718011041807312D          

 23 24  0  0  0  0            999 V2000
   -2.1434    0.1568    0.0000 C   0  0  0  0  0  0  0  0  0  0  0  0
   -1.4289   -0.2556    0.0000 C   0  0  0  0  0  0  0  0  0  0  0  0
   -0.7144    0.1568    0.0000 C   0  0  0  0  0  0  0  0  0  0  0  0
    0.0000   -0.2556    0.0000 C   0  0  0  0  0  0  0  0  0  0  0  0
    0.7144    0.1568    0.0000 C   0  0  0  0  0  0  0  0  0  0  0  0
   -0.7121    0.9818    0.0000 O   0  0  0  0  0  0  0  0  0  0  0  0
    0.5833   -0.8390    0.0000 C   0  0  0  0  0  0  0  0  0  0  0  0
   -0.5832   -0.8390    0.0000 C   0  0  0  0  0  0  0  0  0  0  0  0
    1.3802   -0.6255    0.0000 C   0  0  0  0  0  0  0  0  0  0  0  0
    0.3697   -1.6359    0.0000 C   0  0  0  0  0  0  0  0  0  0  0  0
    1.9636   -1.2089    0.0000 C   0  0  0  0  0  0  0  0  0  0  0  0
    0.9531   -2.2193    0.0000 C   0  0  0  0  0  0  0  0  0  0  0  0
    1.7500   -2.0058    0.0000 C   0  0  0  0  0  0  0  0  0  0  0  0
   -0.3697   -1.6358    0.0000 C   0  0  0  0  0  0  0  0  0  0  0  0
   -1.3802   -0.6255    0.0000 C   0  0  0  0  0  0  0  0  0  0  0  0
   -0.9532   -2.2192    0.0000 C   0  0  0  0  0  0  0  0  0  0  0  0
   -1.9636   -1.2089    0.0000 C   0  0  0  0  0  0  0  0  0  0  0  0
   -1.7500   -2.0057    0.0000 C   0  0  0  0  0  0  0  0  0  0  0  0
    0.7144    0.9818    0.0000 C   0  0  0  0  0  0  0  0  0  0  0  0
    1.4289    1.3943    0.0000 N   0  0  0  0  0  0  0  0  0  0  0  0
    0.0000    1.3943    0.0000 C   0  0  0  0  0  0  0  0  0  0  0  0
    2.1433    0.9818    0.0000 C   0  0  0  0  0  0  0  0  0  0  0  0
    1.4289    2.2193    0.0000 C   0  0  0  0  0  0  0  0  0  0  0  0
  2  1  1  0  0  0  0
  3  2  1  0  0  0  0
  4  3  1  0  0  0  0
  5  4  1  0  0  0  0
  3  6  2  0  0  0  0
  7  4  1  0  0  0  0
  8  4  1  0  0  0  0
  9  7  1  0  0  0  0
 10  7  2  0  0  0  0
 11  9  2  0  0  0  0
 12 10  1  0  0  0  0
 13 11  1  0  0  0  0
 13 12  2  0  0  0  0
 14  8  1  0  0  0  0
 15  8  2  0  0  0  0
 16 14  2  0  0  0  0
 17 15  1  0  0  0  0
 18 16  1  0  0  0  0
 18 17  2  0  0  0  0
  5 19  1  0  0  0  0
 19 20  1  0  0  0  0
 19 21  1  0  0  0  0
 20 22  1  0  0  0  0
 20 23  1  0  0  0  0
M  END
