
  Mrv1718009041812512D          

 18 19  0  0  0  0            999 V2000
    0.0281   -0.2978    0.0000 N   0  0  0  0  0  0  0  0  0  0  0  0
    0.8527   -0.2554    0.0000 C   0  0  0  0  0  0  0  0  0  0  0  0
   -1.1558   -1.0801    0.0000 C   0  0  0  0  0  0  0  0  0  0  0  0
   -1.6738   -0.4352    0.0000 S   0  0  0  0  0  0  0  0  0  0  0  0
   -0.3348   -1.0343    0.0000 C   0  0  0  0  0  0  0  0  0  0  0  0
    1.3074   -0.9426    0.0000 N   0  0  0  0  0  0  0  0  0  0  0  0
   -2.4456   -0.7276    0.0000 C   0  0  0  0  0  0  0  0  0  0  0  0
   -1.6104   -1.7673    0.0000 C   0  0  0  0  0  0  0  0  0  0  0  0
   -0.4052    0.3893    0.0000 C   0  0  0  0  0  0  0  0  0  0  0  0
   -2.4068   -1.5522    0.0000 C   0  0  0  0  0  0  0  0  0  0  0  0
   -1.6738    1.0448    0.0000 N   0  0  0  0  0  0  0  0  0  0  0  0
   -1.2298    0.3506    0.0000 C   0  0  0  0  0  0  0  0  0  0  0  0
    1.2298    0.4739    0.0000 C   0  0  0  0  0  0  0  0  0  0  0  0
    2.1320   -0.9109    0.0000 C   0  0  0  0  0  0  0  0  0  0  0  0
   -2.5020    1.0025    0.0000 C   0  0  0  0  0  0  0  0  0  0  0  0
   -1.3038    1.7673    0.0000 C   0  0  0  0  0  0  0  0  0  0  0  0
    2.0544    0.5197    0.0000 C   0  0  0  0  0  0  0  0  0  0  0  0
    2.5020   -0.1708    0.0000 C   0  0  0  0  0  0  0  0  0  0  0  0
  2  1  1  0  0  0  0
  3  5  1  0  0  0  0
  4  3  1  0  0  0  0
  5  1  1  0  0  0  0
  6  2  2  0  0  0  0
  7  4  1  0  0  0  0
  8  3  2  0  0  0  0
  9  1  1  0  0  0  0
 10  8  1  0  0  0  0
 11 12  1  0  0  0  0
 12  9  1  0  0  0  0
 13  2  1  0  0  0  0
 14  6  1  0  0  0  0
 15 11  1  0  0  0  0
 16 11  1  0  0  0  0
 17 13  2  0  0  0  0
 18 14  2  0  0  0  0
 10  7  2  0  0  0  0
 17 18  1  0  0  0  0
M  END
