
  Mrv1909 02062022512D          

 20 20  0  0  0  0            999 V2000
   -1.4256    0.2036    0.0000 C   0  0  0  0  0  0  0  0  0  0  0  0
   -1.4280   -0.6169    0.0000 C   0  0  0  0  0  0  0  0  0  0  0  0
   -2.1375    0.6119    0.0000 C   0  0  0  0  0  0  0  0  0  0  0  0
   -0.7110    0.6162    0.0000 C   0  0  0  0  0  0  0  0  0  0  0  0
   -2.1425   -1.0295    0.0000 C   0  0  0  0  0  0  0  0  0  0  0  0
   -2.8520    0.1993    0.0000 C   0  0  0  0  0  0  0  0  0  0  0  0
   -2.8546   -0.6213    0.0000 C   0  0  0  0  0  0  0  0  0  0  0  0
   -0.7134    1.4341    0.0000 O   0  0  0  0  0  0  0  0  0  0  0  0
   -0.0039    0.2052    0.0000 N   0  0  0  0  0  0  0  0  0  0  0  0
   -3.5690   -1.0338    0.0000 N   0  0  0  0  0  0  0  0  0  0  0  0
   -3.5668    0.6123    0.0000 Cl  0  0  0  0  0  0  0  0  0  0  0  0
   -0.7134   -1.0299    0.0000 O   0  0  0  0  0  0  0  0  0  0  0  0
    2.1397    0.6173    0.0000 N   0  0  0  0  0  0  0  0  0  0  0  0
    0.7106    0.6178    0.0000 C   0  0  0  0  0  0  0  0  0  0  0  0
    1.4252    0.2047    0.0000 C   0  0  0  0  0  0  0  0  0  0  0  0
    2.1395    1.4428    0.0000 C   0  0  0  0  0  0  0  0  0  0  0  0
    2.8545    0.2044    0.0000 C   0  0  0  0  0  0  0  0  0  0  0  0
   -0.7130   -1.8553    0.0000 C   0  0  0  0  0  0  0  0  0  0  0  0
    2.8540    1.8553    0.0000 C   0  0  0  0  0  0  0  0  0  0  0  0
    3.5690    0.6169    0.0000 C   0  0  0  0  0  0  0  0  0  0  0  0
  2  1  1  0  0  0  0
  3  1  2  0  0  0  0
  4  1  1  0  0  0  0
  5  2  2  0  0  0  0
 12  2  1  0  0  0  0
  6  3  1  0  0  0  0
  8  4  2  0  0  0  0
  9  4  1  0  0  0  0
  7  5  1  0  0  0  0
  7  6  2  0  0  0  0
 11  6  1  0  0  0  0
 10  7  1  0  0  0  0
 14  9  1  0  0  0  0
 18 12  1  0  0  0  0
 15 13  1  0  0  0  0
 16 13  1  0  0  0  0
 17 13  1  0  0  0  0
 15 14  1  0  0  0  0
 19 16  1  0  0  0  0
 20 17  1  0  0  0  0
M  END
