211
  Mrv1909 02042018522D          

 18 18  0  0  1  0            999 V2000
   -1.4288   -0.0266    0.0000 C   0  0  0  0  0  0  0  0  0  0  0  0
   -2.1433   -0.4390    0.0000 C   0  0  0  0  0  0  0  0  0  0  0  0
   -1.4287    0.7983    0.0000 C   0  0  0  0  0  0  0  0  0  0  0  0
   -0.7143   -0.4392    0.0000 C   0  0  0  0  0  0  0  0  0  0  0  0
   -2.8577   -0.0265    0.0000 C   0  0  0  0  0  0  0  0  0  0  0  0
   -2.1434   -1.2640    0.0000 O   0  0  0  0  0  0  0  0  0  0  0  0
   -2.1431    1.2109    0.0000 C   0  0  0  0  0  0  0  0  0  0  0  0
    0.0001   -0.0268    0.0000 C   0  0  0  0  0  0  0  0  0  0  0  0
   -0.7144   -1.2642    0.0000 O   0  0  0  0  0  0  0  0  0  0  0  0
   -2.8576    0.7984    0.0000 C   0  0  0  0  0  0  0  0  0  0  0  0
   -2.8579   -1.6765    0.0000 C   0  0  0  0  0  0  0  0  0  0  0  0
   -2.1431    2.0359    0.0000 O   0  0  0  0  0  0  0  0  0  0  0  0
    0.7145   -0.4393    0.0000 N   0  0  0  0  0  0  0  0  0  0  0  0
   -2.8575    2.4484    0.0000 C   0  0  0  0  0  0  0  0  0  0  0  0
    1.4290   -0.0269    0.0000 C   0  0  0  0  0  0  0  0  0  0  0  0
    2.1434   -0.4395    0.0000 C   0  0  0  0  0  0  0  0  0  0  0  0
    1.4291    0.7980    0.0000 O   0  0  0  0  0  0  0  0  0  0  0  0
    2.8579   -0.0270    0.0000 N   0  0  0  0  0  0  0  0  0  0  0  0
  1  2  2  0  0  0  0
  1  3  1  0  0  0  0
  1  4  1  0  0  0  0
  2  5  1  0  0  0  0
  2  6  1  0  0  0  0
  3  7  2  0  0  0  0
  4  8  1  0  0  0  0
  4  9  1  0  0  0  0
  5 10  2  0  0  0  0
  6 11  1  0  0  0  0
  7 12  1  0  0  0  0
  8 13  1  0  0  0  0
 12 14  1  0  0  0  0
 13 15  1  0  0  0  0
 15 16  1  0  0  0  0
 15 17  2  0  0  0  0
 16 18  1  0  0  0  0
  7 10  1  0  0  0  0
M  END
