
  Mrv0541 04191212162D          

 35 38  0  0  1  0            999 V2000
   11.1613   -9.5509    0.0000 C   0  0  0  0  0  0  0  0  0  0  0  0
   10.4469   -9.9634    0.0000 C   0  0  0  0  0  0  0  0  0  0  0  0
   10.4469  -10.7884    0.0000 C   0  0  0  0  0  0  0  0  0  0  0  0
   11.1613  -11.2009    0.0000 C   0  0  0  0  0  0  0  0  0  0  0  0
   11.8758  -10.7884    0.0000 C   0  0  0  0  0  0  0  0  0  0  0  0
   11.8758   -9.9634    0.0000 C   0  0  0  0  0  0  0  0  0  0  0  0
   12.5903   -9.5509    0.0000 C   0  0  0  0  0  0  0  0  0  0  0  0
   12.5903  -11.2009    0.0000 C   0  0  0  0  0  0  0  0  0  0  0  0
   13.3047  -10.7884    0.0000 C   0  0  0  0  0  0  0  0  0  0  0  0
   13.3047   -9.9634    0.0000 C   0  0  2  0  0  0  0  0  0  0  0  0
   14.0192   -9.5509    0.0000 C   0  0  0  0  0  0  0  0  0  0  0  0
   14.0192  -11.2009    0.0000 C   0  0  0  0  0  0  0  0  0  0  0  0
   14.7337  -10.7884    0.0000 C   0  0  1  0  0  0  0  0  0  0  0  0
   14.7337   -9.9634    0.0000 C   0  0  2  0  0  0  0  0  0  0  0  0
   15.4481   -9.5509    0.0000 C   0  0  1  0  0  0  0  0  0  0  0  0
   15.4481  -11.2009    0.0000 C   0  0  0  0  0  0  0  0  0  0  0  0
   16.1626  -10.7884    0.0000 C   0  0  0  0  0  0  0  0  0  0  0  0
   16.1626   -9.9634    0.0000 C   0  0  0  0  0  0  0  0  0  0  0  0
   11.1613   -8.7259    0.0000 N   0  0  0  0  0  0  0  0  0  0  0  0
   15.4481   -8.7259    0.0000 N   0  0  0  0  0  0  0  0  0  0  0  0
   14.7337   -9.1384    0.0000 H   0  0  0  0  0  0  0  0  0  0  0  0
   13.3047   -9.1384    0.0000 H   0  0  0  0  0  0  0  0  0  0  0  0
   14.7337  -11.6134    0.0000 O   0  0  0  0  0  0  0  0  0  0  0  0
   11.8758   -8.3134    0.0000 C   0  0  0  0  0  0  0  0  0  0  0  0
   10.4469   -8.3134    0.0000 C   0  0  0  0  0  0  0  0  0  0  0  0
   16.1626   -8.3134    0.0000 C   0  0  0  0  0  0  0  0  0  0  0  0
   14.7336   -8.3134    0.0000 C   0  0  0  0  0  0  0  0  0  0  0  0
   16.8771   -9.5509    0.0000 O   0  0  0  0  0  0  0  0  0  0  0  0
   11.1613  -12.0259    0.0000 O   0  0  0  0  0  0  0  0  0  0  0  0
   12.5903  -12.0259    0.0000 O   0  0  0  0  0  0  0  0  0  0  0  0
   14.0192  -12.0259    0.0000 O   0  0  0  0  0  0  0  0  0  0  0  0
   15.4481  -12.0259    0.0000 O   0  0  0  0  0  0  0  0  0  0  0  0
   16.8771  -11.2009    0.0000 C   0  0  0  0  0  0  0  0  0  0  0  0
   16.8771  -12.0259    0.0000 O   0  0  0  0  0  0  0  0  0  0  0  0
   17.5915  -10.7884    0.0000 N   0  0  0  0  0  0  0  0  0  0  0  0
  1  2  2  0  0  0  0
  2  3  1  0  0  0  0
  3  4  2  0  0  0  0
  4  5  1  0  0  0  0
  1  6  1  0  0  0  0
  7  6  1  0  0  0  0
  6  5  2  0  0  0  0
  5  8  1  0  0  0  0
  8  9  1  0  0  0  0
  7 10  1  0  0  0  0
 11 10  1  0  0  0  0
 10  9  1  0  0  0  0
  9 12  2  0  0  0  0
 12 13  1  0  0  0  0
 11 14  1  0  0  0  0
 15 14  1  0  0  0  0
 14 13  1  0  0  0  0
 13 16  1  0  0  0  0
 16 17  1  0  0  0  0
 17 18  2  0  0  0  0
 15 18  1  0  0  0  0
  1 19  1  0  0  0  0
 15 20  1  6  0  0  0
 14 21  1  6  0  0  0
 10 22  1  6  0  0  0
 13 23  1  6  0  0  0
 19 24  1  0  0  0  0
 19 25  1  0  0  0  0
 20 26  1  0  0  0  0
 20 27  1  0  0  0  0
 18 28  1  0  0  0  0
  4 29  1  0  0  0  0
  8 30  2  0  0  0  0
 12 31  1  0  0  0  0
 16 32  2  0  0  0  0
 17 33  1  0  0  0  0
 33 34  2  0  0  0  0
 33 35  1  0  0  0  0
M  END
