
  Mrv1909 11061921572D          

 15 16  0  0  0  0            999 V2000
    0.0000    0.0000    0.0000 C   0  0  0  0  0  0  0  0  0  0  0  0
    0.0000    0.8251    0.0000 N   0  0  0  0  0  0  0  0  0  0  0  0
    0.7145   -0.4125    0.0000 C   0  0  0  0  0  0  0  0  0  0  0  0
   -0.7145   -0.4125    0.0000 N   0  0  0  0  0  0  0  0  0  0  0  0
   -0.7145    1.2375    0.0000 C   0  0  0  0  0  0  0  0  0  0  0  0
    0.7145    1.2375    0.0000 C   0  0  0  0  0  0  0  0  0  0  0  0
    0.7145   -1.2375    0.0000 C   0  0  0  0  0  0  0  0  0  0  0  0
   -0.7145   -1.2375    0.0000 C   0  0  0  0  0  0  0  0  0  0  0  0
   -0.7145    2.0627    0.0000 C   0  0  0  0  0  0  0  0  0  0  0  0
    0.7145    2.0627    0.0000 C   0  0  0  0  0  0  0  0  0  0  0  0
    0.0000   -1.6501    0.0000 N   0  3  0  0  0  0  0  0  0  0  0  0
    1.4290   -1.6501    0.0000 N   0  0  0  0  0  0  0  0  0  0  0  0
   -1.4290   -1.6501    0.0000 N   0  0  0  0  0  0  0  0  0  0  0  0
    0.0000    2.4751    0.0000 C   0  0  0  0  0  0  0  0  0  0  0  0
    0.0000   -2.4752    0.0000 O   0  5  0  0  0  0  0  0  0  0  0  0
  1  2  1  0  0  0  0
  1  3  1  0  0  0  0
  1  4  2  0  0  0  0
  2  5  1  0  0  0  0
  2  6  1  0  0  0  0
  3  7  2  0  0  0  0
  4  8  1  0  0  0  0
  5  9  1  0  0  0  0
  6 10  1  0  0  0  0
  7 11  1  0  0  0  0
  7 12  1  0  0  0  0
  8 13  1  0  0  0  0
  9 14  1  0  0  0  0
  8 11  2  0  0  0  0
 10 14  1  0  0  0  0
 11 15  1  0  0  0  0
M  CHG  2  11   1  15  -1
M  END
