
  Mrv1902 01281923232D          

 32 34  0  0  0  0            999 V2000
   -3.2151    0.8249    0.0000 C   0  0  0  0  0  0  0  0  0  0  0  0
   -3.9296    0.4124    0.0000 C   0  0  0  0  0  0  0  0  0  0  0  0
   -3.9296   -0.4125    0.0000 C   0  0  0  0  0  0  0  0  0  0  0  0
   -3.2151   -0.8250    0.0000 C   0  0  0  0  0  0  0  0  0  0  0  0
   -2.5006   -0.4125    0.0000 C   0  0  0  0  0  0  0  0  0  0  0  0
   -2.5006    0.4124    0.0000 C   0  0  0  0  0  0  0  0  0  0  0  0
   -1.7861    0.8249    0.0000 C   0  0  0  0  0  0  0  0  0  0  0  0
   -1.7861   -0.8250    0.0000 C   0  0  0  0  0  0  0  0  0  0  0  0
   -1.0716   -0.4125    0.0000 C   0  0  0  0  0  0  0  0  0  0  0  0
   -1.0716    0.4124    0.0000 C   0  0  0  0  0  0  0  0  0  0  0  0
   -0.3572    0.8249    0.0000 C   0  0  0  0  0  0  0  0  0  0  0  0
   -0.3572   -0.8250    0.0000 C   0  0  0  0  0  0  0  0  0  0  0  0
    0.3572   -0.4125    0.0000 C   0  0  0  0  0  0  0  0  0  0  0  0
    0.3572    0.4124    0.0000 C   0  0  0  0  0  0  0  0  0  0  0  0
   -3.2151    1.6499    0.0000 O   0  0  0  0  0  0  0  0  0  0  0  0
   -3.2151   -1.6500    0.0000 O   0  0  0  0  0  0  0  0  0  0  0  0
   -1.7861    1.6499    0.0000 O   0  0  0  0  0  0  0  0  0  0  0  0
   -1.7861   -1.6500    0.0000 O   0  0  0  0  0  0  0  0  0  0  0  0
   -0.3572    1.6499    0.0000 N   0  0  0  0  0  0  0  0  0  0  0  0
   -0.3572   -1.6500    0.0000 N   0  0  0  0  0  0  0  0  0  0  0  0
    0.3572    2.0624    0.0000 C   0  0  0  0  0  0  0  0  0  0  0  0
    1.0717    1.6499    0.0000 C   0  0  0  0  0  0  0  0  0  0  0  0
    0.3572   -2.0625    0.0000 C   0  0  0  0  0  0  0  0  0  0  0  0
    1.0717   -1.6500    0.0000 C   0  0  0  0  0  0  0  0  0  0  0  0
    1.7862    2.0624    0.0000 N   0  0  0  0  0  0  0  0  0  0  0  0
    1.7862   -2.0625    0.0000 N   0  0  0  0  0  0  0  0  0  0  0  0
    2.5007    1.6499    0.0000 C   0  0  0  0  0  0  0  0  0  0  0  0
    3.2150    2.0624    0.0000 C   0  0  0  0  0  0  0  0  0  0  0  0
    2.5007   -1.6500    0.0000 C   0  0  0  0  0  0  0  0  0  0  0  0
    3.2150   -2.0625    0.0000 C   0  0  0  0  0  0  0  0  0  0  0  0
    3.9296    1.6499    0.0000 O   0  0  0  0  0  0  0  0  0  0  0  0
    3.9296   -1.6500    0.0000 O   0  0  0  0  0  0  0  0  0  0  0  0
  1  2  2  0  0  0  0
  2  3  1  0  0  0  0
  3  4  2  0  0  0  0
  4  5  1  0  0  0  0
  1  6  1  0  0  0  0
  7  6  1  0  0  0  0
  6  5  2  0  0  0  0
  5  8  1  0  0  0  0
  8  9  1  0  0  0  0
  7 10  1  0  0  0  0
 11 10  1  0  0  0  0
 10  9  2  0  0  0  0
  9 12  1  0  0  0  0
 12 13  2  0  0  0  0
 13 14  1  0  0  0  0
 11 14  2  0  0  0  0
  1 15  1  0  0  0  0
  4 16  1  0  0  0  0
  7 17  2  0  0  0  0
  8 18  2  0  0  0  0
 11 19  1  0  0  0  0
 12 20  1  0  0  0  0
 19 21  1  0  0  0  0
 21 22  1  0  0  0  0
 20 23  1  0  0  0  0
 23 24  1  0  0  0  0
 22 25  1  0  0  0  0
 24 26  1  0  0  0  0
 25 27  1  0  0  0  0
 27 28  1  0  0  0  0
 26 29  1  0  0  0  0
 29 30  1  0  0  0  0
 28 31  1  0  0  0  0
 30 32  1  0  0  0  0
M  END
