
  Marvin  11261015362D          

 20 20  0  0  0  0            999 V2000
    7.8140   -7.7569    0.0000 C   0  0  0  0  0  0  0  0  0  0  0  0
    7.0995   -8.1694    0.0000 C   0  0  0  0  0  0  0  0  0  0  0  0
    7.8140   -9.4068    0.0000 C   0  0  0  0  0  0  0  0  0  0  0  0
    8.5285   -8.9944    0.0000 C   0  0  0  0  0  0  0  0  0  0  0  0
    8.5285   -8.1694    0.0000 C   0  0  0  0  0  0  0  0  0  0  0  0
   10.6719   -7.7569    0.0000 C   0  0  0  0  0  0  0  0  0  0  0  0
   11.3862   -8.1694    0.0000 C   0  0  0  0  0  0  0  0  0  0  0  0
   12.1007   -6.9319    0.0000 C   0  0  0  0  0  0  0  0  0  0  0  0
   12.8152   -6.5194    0.0000 C   0  0  0  0  0  0  0  0  0  0  0  0
   12.8152   -8.1694    0.0000 C   0  0  0  0  0  0  0  0  0  0  0  0
   13.5297   -7.7569    0.0000 C   0  0  0  0  0  0  0  0  0  0  0  0
    7.0995   -8.9944    0.0000 C   0  0  0  0  0  0  0  0  0  0  0  0
    6.3851   -9.4068    0.0000 N   0  0  0  0  0  0  0  0  0  0  0  0
    9.9574   -8.1694    0.0000 N   0  0  0  0  0  0  0  0  0  0  0  0
   12.1007   -7.7569    0.0000 N   0  0  0  0  0  0  0  0  0  0  0  0
    9.2429   -7.7569    0.0000 C   0  0  0  0  0  0  0  0  0  0  0  0
    9.2429   -6.9319    0.0000 O   0  0  0  0  0  0  0  0  0  0  0  0
    5.6707   -8.9944    0.0000 C   0  0  0  0  0  0  0  0  0  0  0  0
    4.9562   -9.4069    0.0000 C   0  0  0  0  0  0  0  0  0  0  0  0
    5.6707   -8.1694    0.0000 O   0  0  0  0  0  0  0  0  0  0  0  0
  1  2  1  0  0  0  0
  1  5  2  0  0  0  0
  2 12  2  0  0  0  0
 12  3  1  0  0  0  0
  3  4  2  0  0  0  0
  4  5  1  0  0  0  0
  5 16  1  0  0  0  0
 16 14  1  0  0  0  0
 14  6  1  0  0  0  0
  6  7  1  0  0  0  0
  7 15  1  0  0  0  0
 15  8  1  0  0  0  0
  8  9  1  0  0  0  0
 15 10  1  0  0  0  0
 10 11  1  0  0  0  0
 12 13  1  0  0  0  0
 16 17  2  0  0  0  0
 13 18  1  0  0  0  0
 18 19  1  0  0  0  0
 18 20  2  0  0  0  0
M  END
