NAR
  Mrv0541 02231216572D          

 21 23  0  0  0  0            999 V2000
   -1.7854    0.4721    0.0000 C   0  0  0  0  0  0  0  0  0  0  0  0
   -2.4999    0.0596    0.0000 C   0  0  0  0  0  0  0  0  0  0  0  0
   -2.4999   -0.7654    0.0000 C   0  0  0  0  0  0  0  0  0  0  0  0
   -1.7854   -1.1779    0.0000 C   0  0  0  0  0  0  0  0  0  0  0  0
   -1.0710   -0.7654    0.0000 C   0  0  0  0  0  0  0  0  0  0  0  0
   -1.0710    0.0596    0.0000 C   0  0  0  0  0  0  0  0  0  0  0  0
   -0.3565   -1.1779    0.0000 C   0  0  0  0  0  0  0  0  0  0  0  0
    0.3580   -0.7654    0.0000 C   0  0  0  0  0  0  0  0  0  0  0  0
    0.3580    0.0596    0.0000 C   0  0  2  0  0  0  0  0  0  0  0  0
   -0.3565    0.4721    0.0000 O   0  0  0  0  0  0  0  0  0  0  0  0
   -0.3565   -2.0029    0.0000 O   0  0  0  0  0  0  0  0  0  0  0  0
    1.0725    0.4721    0.0000 C   0  0  0  0  0  0  0  0  0  0  0  0
    1.0725    1.2971    0.0000 C   0  0  0  0  0  0  0  0  0  0  0  0
    1.7869    1.7096    0.0000 C   0  0  0  0  0  0  0  0  0  0  0  0
    2.5014    1.2971    0.0000 C   0  0  0  0  0  0  0  0  0  0  0  0
    2.5014    0.4721    0.0000 C   0  0  0  0  0  0  0  0  0  0  0  0
    1.7869    0.0596    0.0000 C   0  0  0  0  0  0  0  0  0  0  0  0
    3.2159    1.7096    0.0000 O   0  0  0  0  0  0  0  0  0  0  0  0
   -3.2144    0.4721    0.0000 O   0  0  0  0  0  0  0  0  0  0  0  0
   -1.7854   -2.0029    0.0000 O   0  0  0  0  0  0  0  0  0  0  0  0
    0.8637   -0.2323    0.0000 H   0  0  0  0  0  0  0  0  0  0  0  0
  1  2  2  0  0  0  0
  1  6  1  0  0  0  0
  2  3  1  0  0  0  0
  2 19  1  0  0  0  0
  3  4  2  0  0  0  0
  4  5  1  0  0  0  0
  4 20  1  0  0  0  0
  5  6  2  0  0  0  0
  5  7  1  0  0  0  0
  6 10  1  0  0  0  0
  7  8  1  0  0  0  0
  7 11  2  0  0  0  0
  8  9  1  0  0  0  0
  9 10  1  0  0  0  0
  9 12  1  6  0  0  0
  9 21  1  1  0  0  0
 12 13  1  0  0  0  0
 12 17  2  0  0  0  0
 13 14  2  0  0  0  0
 14 15  1  0  0  0  0
 15 16  2  0  0  0  0
 15 18  1  0  0  0  0
 16 17  1  0  0  0  0
M  END
