
  Mrv1718001011917502D          

 32 36  0  0  0  0            999 V2000
   -2.1433   -1.5645    0.0000 C   0  0  0  0  0  0  0  0  0  0  0  0
   -2.1433   -0.7395    0.0000 C   0  0  0  0  0  0  0  0  0  0  0  0
   -2.8579   -1.9770    0.0000 C   0  0  0  0  0  0  0  0  0  0  0  0
   -2.8579   -0.3270    0.0000 C   0  0  0  0  0  0  0  0  0  0  0  0
   -0.7145   -1.5645    0.0000 C   0  0  0  0  0  0  0  0  0  0  0  0
   -3.5723   -1.5645    0.0000 C   0  0  0  0  0  0  0  0  0  0  0  0
   -1.4288    0.4979    0.0000 C   0  0  0  0  0  0  0  0  0  0  0  0
   -3.5723   -0.7395    0.0000 C   0  0  0  0  0  0  0  0  0  0  0  0
    0.0000    0.4979    0.0000 C   0  0  0  0  0  0  0  0  0  0  0  0
   -0.7145   -0.7395    0.0000 C   0  0  2  0  0  0  0  0  0  0  0  0
    0.0000   -1.1520    0.0000 H   0  0  0  0  0  0  0  0  0  0  0  0
   -1.4288   -0.3270    0.0000 C   0  0  1  0  0  0  0  0  0  0  0  0
   -1.4288   -1.9770    0.0000 C   0  0  0  0  0  0  0  0  0  0  0  0
   -1.4288   -2.8020    0.0000 C   0  0  0  0  0  0  0  0  0  0  0  0
    0.0000   -0.3270    0.0000 N   0  0  0  0  0  0  0  0  0  0  0  0
    0.7144   -0.7395    0.0000 C   0  0  0  0  0  0  0  0  0  0  0  0
   -0.7145    0.9104    0.0000 C   0  0  2  0  0  0  0  0  0  0  0  0
   -0.7145    1.7354    0.0000 C   0  0  0  0  0  0  0  0  0  0  0  0
   -2.1433    0.9104    0.0000 C   0  0  0  0  0  0  0  0  0  0  0  0
   -2.1433    0.0854    0.0000 O   0  0  0  0  0  0  0  0  0  0  0  0
    0.0000    2.1479    0.0000 O   0  0  0  0  0  0  0  0  0  0  0  0
    0.7144    1.7354    0.0000 C   0  0  0  0  0  0  0  0  0  0  0  0
    0.7144    0.9104    0.0000 O   0  0  0  0  0  0  0  0  0  0  0  0
    1.4288    2.1479    0.0000 C   0  0  0  0  0  0  0  0  0  0  0  0
    2.1433    1.7354    0.0000 C   0  0  0  0  0  0  0  0  0  0  0  0
    1.4288    2.9729    0.0000 C   0  0  0  0  0  0  0  0  0  0  0  0
    2.1433    3.3854    0.0000 N   0  0  0  0  0  0  0  0  0  0  0  0
    2.8578    2.9730    0.0000 C   0  0  0  0  0  0  0  0  0  0  0  0
    2.8578    2.1479    0.0000 C   0  0  0  0  0  0  0  0  0  0  0  0
    3.5723    1.7354    0.0000 Br  0  0  0  0  0  0  0  0  0  0  0  0
   -2.8579   -2.8020    0.0000 N   0  0  0  0  0  0  0  0  0  0  0  0
   -3.4413   -3.3854    0.0000 C   0  0  0  0  0  0  0  0  0  0  0  0
  1  2  2  0  0  0  0
  1 13  1  0  0  0  0
  1  3  1  0  0  0  0
  2 12  1  0  0  0  0
  2  4  1  0  0  0  0
 13  5  1  0  0  0  0
  3 31  1  0  0  0  0
  3  6  2  0  0  0  0
 12 10  1  0  0  0  0
 12  7  1  0  0  0  0
  4  8  2  0  0  0  0
 10 15  1  0  0  0  0
  7 17  1  0  0  0  0
 15  9  1  0  0  0  0
  5 10  1  0  0  0  0
  6  8  1  0  0  0  0
 17  9  1  0  0  0  0
 10 11  1  1  0  0  0
 12 20  1  6  0  0  0
 13 14  2  0  0  0  0
 14 31  1  0  0  0  0
 15 16  1  0  0  0  0
 17 18  1  1  0  0  0
 18 21  1  0  0  0  0
 21 22  1  0  0  0  0
 22 24  1  0  0  0  0
 20 19  1  0  0  0  0
 22 23  2  0  0  0  0
 26 24  2  0  0  0  0
 24 25  1  0  0  0  0
 25 29  2  0  0  0  0
 27 26  1  0  0  0  0
 27 28  2  0  0  0  0
 29 28  1  0  0  0  0
 29 30  1  0  0  0  0
 31 32  1  0  0  0  0
M  END
