
  Mrv0541 02231219172D          

 12 13  0  0  1  0            999 V2000
   10.6821   -8.1129    0.0000 N   0  0  0  0  0  0  0  0  0  0  0  0
   10.0068   -8.5842    0.0000 C   0  0  2  0  0  0  0  0  0  0  0  0
    9.2541   -8.2465    0.0000 C   0  0  0  0  0  0  0  0  0  0  0  0
    8.5471   -7.0119    0.0000 N   0  0  0  0  0  0  0  0  0  0  0  0
    9.2541   -7.4305    0.0000 C   0  0  0  0  0  0  0  0  0  0  0  0
   11.3504   -8.5771    0.0000 C   0  0  0  0  0  0  0  0  0  0  0  0
   10.6821   -7.2722    0.0000 C   0  0  0  0  0  0  0  0  0  0  0  0
   10.2741   -9.3686    0.0000 C   0  0  0  0  0  0  0  0  0  0  0  0
   11.1077   -9.3686    0.0000 C   0  0  0  0  0  0  0  0  0  0  0  0
    8.5471   -8.6546    0.0000 C   0  0  0  0  0  0  0  0  0  0  0  0
    7.8330   -7.4199    0.0000 C   0  0  0  0  0  0  0  0  0  0  0  0
    7.8330   -8.2465    0.0000 C   0  0  0  0  0  0  0  0  0  0  0  0
  2  1  1  0  0  0  0
  6  1  1  0  0  0  0
  7  1  1  0  0  0  0
  2  3  1  1  0  0  0
  8  2  1  0  0  0  0
  5  3  2  0  0  0  0
 10  3  1  0  0  0  0
  5  4  1  0  0  0  0
 11  4  2  0  0  0  0
  9  6  1  0  0  0  0
  9  8  1  0  0  0  0
 12 10  2  0  0  0  0
 12 11  1  0  0  0  0
M  END
