
  Mrv0541 03201415532D          

 19 20  0  0  0  0            999 V2000
   11.9948   -5.1728    0.0000 C   0  0  2  0  0  0  0  0  0  0  0  0
   11.2605   -4.7690    0.0000 C   0  0  1  0  0  0  0  0  0  0  0  0
   12.7107   -4.7506    0.0000 C   0  0  0  0  0  0  0  0  0  0  0  0
   12.7290   -5.7786    0.0000 C   0  0  0  0  0  0  0  0  0  0  0  0
   11.2605   -3.9430    0.0000 N   0  0  0  0  0  0  0  0  0  0  0  0
   10.5447   -5.1728    0.0000 C   0  0  0  0  0  0  0  0  0  0  0  0
   12.7107   -3.9062    0.0000 O   0  0  0  0  0  0  0  0  0  0  0  0
   10.5447   -5.9988    0.0000 C   0  0  0  0  0  0  0  0  0  0  0  0
   11.9948   -5.9988    0.0000 C   0  0  0  0  0  0  0  0  0  0  0  0
   13.4265   -5.1545    0.0000 O   0  0  0  0  0  0  0  0  0  0  0  0
   10.5447   -3.5208    0.0000 C   0  0  0  0  0  0  0  0  0  0  0  0
   11.2605   -6.4210    0.0000 C   0  0  0  0  0  0  0  0  0  0  0  0
   13.5367   -5.6317    0.0000 C   0  0  0  0  0  0  0  0  0  0  0  0
   12.4353   -6.5495    0.0000 C   0  0  0  0  0  0  0  0  0  0  0  0
   14.1424   -4.7323    0.0000 C   0  0  0  0  0  0  0  0  0  0  0  0
   14.8398   -5.1545    0.0000 C   0  0  0  0  0  0  0  0  0  0  0  0
   14.0506   -6.2742    0.0000 C   0  0  0  0  0  0  0  0  0  0  0  0
   12.9492   -7.1919    0.0000 C   0  0  0  0  0  0  0  0  0  0  0  0
   13.7569   -7.0451    0.0000 C   0  0  0  0  0  0  0  0  0  0  0  0
  2  1  1  0  0  0  0
  1  3  1  1  0  0  0
  1  4  1  0  0  0  0
  9  1  1  0  0  0  0
  2  5  1  6  0  0  0
  6  2  1  0  0  0  0
  7  3  2  0  0  0  0
 10  3  1  0  0  0  0
 13  4  2  0  0  0  0
 14  4  1  0  0  0  0
 11  5  1  0  0  0  0
  8  6  2  0  0  0  0
 12  8  1  0  0  0  0
 12  9  1  0  0  0  0
 15 10  1  0  0  0  0
 17 13  1  0  0  0  0
 18 14  2  0  0  0  0
 16 15  1  0  0  0  0
 19 17  2  0  0  0  0
 19 18  1  0  0  0  0
M  END
