
  Mrv0541 02241219522D          

 32 36  0  0  0  0            999 V2000
    2.5459   -2.7015    0.0000 O   0  0  0  0  0  0  0  0  0  0  0  0
    2.2910   -3.4861    0.0000 C   0  0  0  0  0  0  0  0  0  0  0  0
    1.8785   -2.2166    0.0000 C   0  0  2  0  0  0  0  0  0  0  0  0
    1.8785   -1.3916    0.0000 C   0  0  2  0  0  0  0  0  0  0  0  0
    2.5929   -0.9791    0.0000 N   0  0  0  0  0  0  0  0  0  0  0  0
    3.3074   -1.3916    0.0000 C   0  0  0  0  0  0  0  0  0  0  0  0
    2.5929   -0.1541    0.0000 C   0  0  0  0  0  0  0  0  0  0  0  0
    1.8785    0.2584    0.0000 C   0  0  0  0  0  0  0  0  0  0  0  0
    1.1640   -0.1541    0.0000 C   0  0  0  0  0  0  0  0  0  0  0  0
    0.4495    0.2584    0.0000 C   0  0  0  0  0  0  0  0  0  0  0  0
   -0.2649   -0.1541    0.0000 C   0  0  0  0  0  0  0  0  0  0  0  0
   -1.0496    0.1009    0.0000 O   0  0  0  0  0  0  0  0  0  0  0  0
   -1.5345   -0.5666    0.0000 C   0  0  0  0  0  0  0  0  0  0  0  0
   -1.0496   -1.2340    0.0000 O   0  0  0  0  0  0  0  0  0  0  0  0
   -0.2649   -0.9791    0.0000 C   0  0  0  0  0  0  0  0  0  0  0  0
    0.4495   -1.3916    0.0000 C   0  0  0  0  0  0  0  0  0  0  0  0
    0.4495   -2.2166    0.0000 O   0  0  0  0  0  0  0  0  0  0  0  0
   -0.2649   -2.6291    0.0000 C   0  0  0  0  0  0  0  0  0  0  0  0
    1.1640   -0.9791    0.0000 C   0  0  0  0  0  0  0  0  0  0  0  0
    2.8743   -4.0695    0.0000 O   0  0  0  0  0  0  0  0  0  0  0  0
    1.2110   -2.7015    0.0000 C   0  0  0  0  0  0  0  0  0  0  0  0
    0.4556   -2.4757    0.0000 C   0  0  0  0  0  0  0  0  0  0  0  0
   -0.1278   -3.0591    0.0000 C   0  0  0  0  0  0  0  0  0  0  0  0
    0.0857   -3.8560    0.0000 C   0  0  0  0  0  0  0  0  0  0  0  0
    0.8826   -4.0695    0.0000 C   0  0  0  0  0  0  0  0  0  0  0  0
    1.4660   -3.4861    0.0000 C   0  0  0  0  0  0  0  0  0  0  0  0
    1.0961   -4.8664    0.0000 O   0  0  0  0  0  0  0  0  0  0  0  0
    1.8930   -5.0799    0.0000 C   0  0  0  0  0  0  0  0  0  0  0  0
   -0.4977   -4.4393    0.0000 O   0  0  0  0  0  0  0  0  0  0  0  0
   -0.2841   -5.2362    0.0000 C   0  0  0  0  0  0  0  0  0  0  0  0
    1.8785   -3.0416    0.0000 H   0  0  0  0  0  0  0  0  0  0  0  0
    1.8785   -0.5666    0.0000 H   0  0  0  0  0  0  0  0  0  0  0  0
  1  2  1  0  0  0  0
  2 26  1  0  0  0  0
 21  3  1  0  0  0  0
  1  3  1  0  0  0  0
  3  4  1  0  0  0  0
  4  5  1  0  0  0  0
  5  6  1  0  0  0  0
  5  7  1  0  0  0  0
  7  8  1  0  0  0  0
  8  9  1  0  0  0  0
  9 10  2  0  0  0  0
 10 11  1  0  0  0  0
 11 12  1  0  0  0  0
 12 13  1  0  0  0  0
 13 14  1  0  0  0  0
 14 15  1  0  0  0  0
 11 15  2  0  0  0  0
 15 16  1  0  0  0  0
 16 17  1  0  0  0  0
 17 18  1  0  0  0  0
 16 19  2  0  0  0  0
  4 19  1  0  0  0  0
  9 19  1  0  0  0  0
  2 20  2  0  0  0  0
 21 22  1  0  0  0  0
 22 23  2  0  0  0  0
 23 24  1  0  0  0  0
 24 25  2  0  0  0  0
 25 26  1  0  0  0  0
 21 26  2  0  0  0  0
 25 27  1  0  0  0  0
 27 28  1  0  0  0  0
 24 29  1  0  0  0  0
 29 30  1  0  0  0  0
  3 31  1  6  0  0  0
  4 32  1  6  0  0  0
M  END
