
  Mrv1909 07122017122D          

 20 20  0  0  0  0            999 V2000
    0.3500   -0.8249    0.0000 O   0  0  0  0  0  0  0  0  0  0  0  0
   -0.3749   -1.2498    0.0000 C   0  0  0  0  0  0  0  0  0  0  0  0
   -0.3749   -2.0749    0.0000 C   0  0  0  0  0  0  0  0  0  0  0  0
   -1.1000   -2.4999    0.0000 C   0  0  0  0  0  0  0  0  0  0  0  0
   -1.0749   -0.8249    0.0000 C   0  0  0  0  0  0  0  0  0  0  0  0
   -1.8249   -1.2498    0.0000 C   0  0  0  0  0  0  0  0  0  0  0  0
   -0.3749    1.2500    0.0000 C   0  0  2  0  0  0  0  0  0  0  0  0
   -0.3749    0.4251    0.0000 C   0  0  2  0  0  0  0  0  0  0  0  0
    0.3749    0.0000    0.0000 C   0  0  1  0  0  0  0  0  0  0  0  0
    1.0749    0.4251    0.0000 C   0  0  0  0  0  0  0  0  0  0  0  0
    1.0749    1.2500    0.0000 C   0  0  0  0  0  0  0  0  0  0  0  0
    0.3749    1.6750    0.0000 C   0  0  0  0  0  0  0  0  0  0  0  0
    1.7999    1.6750    0.0000 C   0  0  0  0  0  0  0  0  0  0  0  0
    2.5250    1.2500    0.0000 O   0  0  0  0  0  0  0  0  0  0  0  0
    1.7999    2.4999    0.0000 O   0  0  0  0  0  0  0  0  0  0  0  0
   -1.0749    1.6750    0.0000 N   0  0  0  0  0  0  0  0  0  0  0  0
   -1.0749    0.0000    0.0000 N   0  0  0  0  0  0  0  0  0  0  0  0
   -1.8249    0.4251    0.0000 C   0  0  0  0  0  0  0  0  0  0  0  0
   -2.5250    0.0000    0.0000 C   0  0  0  0  0  0  0  0  0  0  0  0
   -1.8249    1.2500    0.0000 O   0  0  0  0  0  0  0  0  0  0  0  0
  2  1  1  0  0  0  0
  9  1  1  1  0  0  0
  5  2  1  0  0  0  0
  3  2  1  0  0  0  0
  4  3  1  0  0  0  0
  6  5  1  0  0  0  0
  8  7  1  0  0  0  0
  7 16  1  1  0  0  0
 12  7  1  0  0  0  0
  8 17  1  6  0  0  0
  9  8  1  0  0  0  0
 10  9  1  0  0  0  0
 11 10  2  0  0  0  0
 12 11  1  0  0  0  0
 13 11  1  0  0  0  0
 14 13  1  0  0  0  0
 15 13  2  0  0  0  0
 18 17  1  0  0  0  0
 19 18  1  0  0  0  0
 20 18  2  0  0  0  0
M  END
