
  Mrv1652310201623192D          

 24 27  0  0  1  0            999 V2000
    1.3296    2.8106    0.0000 C   0  0  0  0  0  0  0  0  0  0  0  0
    1.4346    1.8744    0.0000 C   0  0  0  0  0  0  0  0  0  0  0  0
    0.8255    1.2684    0.0000 N   0  3  0  0  0  0  0  0  0  0  0  0
    1.0572    0.3415    0.0000 C   0  0  2  0  0  0  0  0  0  0  0  0
    1.8615    0.5251    0.0000 C   0  0  0  0  0  0  0  0  0  0  0  0
    2.2195    1.2684    0.0000 C   0  0  2  0  0  0  0  0  0  0  0  0
    1.8615    2.0117    0.0000 C   0  0  0  0  0  0  0  0  0  0  0  0
    1.0572    2.1953    0.0000 C   0  0  1  0  0  0  0  0  0  0  0  0
    0.4122    1.6809    0.0000 C   0  0  1  0  0  0  0  0  0  0  0  0
    0.4122    0.8559    0.0000 C   0  0  2  0  0  0  0  0  0  0  0  0
   -0.3023    1.2684    0.0000 O   0  0  0  0  0  0  0  0  0  0  0  0
    3.1314    1.2656    0.0000 O   0  0  0  0  0  0  0  0  0  0  0  0
    3.8277    0.7770    0.0000 C   0  0  0  0  0  0  0  0  0  0  0  0
    3.1269    0.3415    0.0000 O   0  0  0  0  0  0  0  0  0  0  0  0
    4.5652    0.3825    0.0000 C   0  0  2  0  0  0  0  0  0  0  0  0
    5.0114    1.1245    0.0000 C   0  0  0  0  0  0  0  0  0  0  0  0
    5.8363    1.1099    0.0000 O   0  0  0  0  0  0  0  0  0  0  0  0
    4.9649   -0.3392    0.0000 C   0  0  0  0  0  0  0  0  0  0  0  0
    5.7897   -0.3539    0.0000 C   0  0  0  0  0  0  0  0  0  0  0  0
    6.1895   -1.0756    0.0000 C   0  0  0  0  0  0  0  0  0  0  0  0
    5.7643   -1.7826    0.0000 C   0  0  0  0  0  0  0  0  0  0  0  0
    4.9394   -1.7679    0.0000 C   0  0  0  0  0  0  0  0  0  0  0  0
    4.5397   -1.0462    0.0000 C   0  0  0  0  0  0  0  0  0  0  0  0
    1.6334    0.9984    0.0000 C   0  0  0  0  0  0  0  0  0  0  0  0
  1  2  1  0  0  0  0
  2  3  1  0  0  0  0
  3  4  1  0  0  0  0
  4  5  1  6  0  0  0
  5  6  1  0  0  0  0
  6  7  1  0  0  0  0
  8  7  1  6  0  0  0
  3  8  1  0  0  0  0
  8  9  1  0  0  0  0
  9 10  1  0  0  0  0
  4 10  1  0  0  0  0
 10 11  1  1  0  0  0
  9 11  1  1  0  0  0
  6 12  1  6  0  0  0
 12 13  1  0  0  0  0
 13 14  2  0  0  0  0
 15 13  1  6  0  0  0
 15 16  1  0  0  0  0
 16 17  1  0  0  0  0
 15 18  1  0  0  0  0
 18 19  2  0  0  0  0
 19 20  1  0  0  0  0
 20 21  2  0  0  0  0
 21 22  1  0  0  0  0
 22 23  2  0  0  0  0
 18 23  1  0  0  0  0
  3 24  1  0  0  0  0
M  CHG  1   3   1
M  END
