
  Mrv1902 02061921192D          

 32 34  0  0  0  0            999 V2000
   -1.4641    1.7288    0.0000 C   0  0  0  0  0  0  0  0  0  0  0  0
   -1.4641    0.0787    0.0000 C   0  0  0  0  0  0  0  0  0  0  0  0
    0.0350    0.2363    0.0000 C   0  0  0  0  0  0  0  0  0  0  0  0
    0.5199    0.9038    0.0000 C   0  0  0  0  0  0  0  0  0  0  0  0
   -2.1786    1.3163    0.0000 C   0  0  0  0  0  0  0  0  0  0  0  0
   -1.4641   -0.7462    0.0000 C   0  0  0  0  0  0  0  0  0  0  0  0
   -2.1786    0.4912    0.0000 C   0  0  0  0  0  0  0  0  0  0  0  0
   -2.1786   -1.1588    0.0000 C   0  0  0  0  0  0  0  0  0  0  0  0
   -2.1786   -1.9838    0.0000 C   0  0  0  0  0  0  0  0  0  0  0  0
   -1.4641   -2.3964    0.0000 C   0  0  0  0  0  0  0  0  0  0  0  0
   -2.8930   -2.3964    0.0000 C   0  0  0  0  0  0  0  0  0  0  0  0
   -1.4641   -3.2213    0.0000 C   0  0  2  0  0  0  0  0  0  0  0  0
   -2.8930   -3.2213    0.0000 C   0  0  2  0  0  0  0  0  0  0  0  0
   -2.1786   -3.6339    0.0000 C   0  0  0  0  0  0  0  0  0  0  0  0
   -3.6076   -3.6339    0.0000 O   0  0  0  0  0  0  0  0  0  0  0  0
   -0.6794    2.8089    0.0000 C   0  0  0  0  0  0  0  0  0  0  0  0
    0.0350    2.3964    0.0000 C   0  0  2  0  0  0  0  0  0  0  0  0
    0.7496    2.8089    0.0000 C   0  0  0  0  0  0  0  0  0  0  0  0
    1.4640    2.3964    0.0000 C   0  0  0  0  0  0  0  0  0  0  0  0
    3.6076    2.8089    0.0000 C   0  0  0  0  0  0  0  0  0  0  0  0
    2.8931    2.3964    0.0000 C   0  0  0  0  0  0  0  0  0  0  0  0
    2.8931    1.5713    0.0000 C   0  0  0  0  0  0  0  0  0  0  0  0
    2.1786    2.8089    0.0000 C   0  0  1  0  0  0  0  0  0  0  0  0
    2.1786    3.6339    0.0000 C   0  0  0  0  0  0  0  0  0  0  0  0
    0.0350    1.5713    0.0000 C   0  0  2  0  0  0  0  0  0  0  0  0
    0.7496    1.9838    0.0000 H   0  0  0  0  0  0  0  0  0  0  0  0
   -0.7496    0.4912    0.0000 C   0  0  2  0  0  0  0  0  0  0  0  0
   -0.7496   -0.3337    0.0000 H   0  0  0  0  0  0  0  0  0  0  0  0
   -0.7496    1.3163    0.0000 C   0  0  2  0  0  0  0  0  0  0  0  0
   -0.7496    2.1414    0.0000 C   0  0  0  0  0  0  0  0  0  0  0  0
    3.6076    1.9838    0.0000 O   0  0  0  0  0  0  0  0  0  0  0  0
   -0.7496   -3.6339    0.0000 O   0  0  0  0  0  0  0  0  0  0  0  0
 27 29  1  0  0  0  0
 29 25  1  0  0  0  0
 29  1  1  0  0  0  0
 27  2  1  0  0  0  0
 27  3  1  0  0  0  0
 25  4  1  0  0  0  0
  1  5  1  0  0  0  0
  2  6  2  0  0  0  0
  2  7  1  0  0  0  0
  6  8  1  0  0  0  0
  8  9  2  0  0  0  0
  9 10  1  0  0  0  0
  9 11  1  0  0  0  0
 10 12  1  0  0  0  0
 11 13  1  0  0  0  0
 12 14  1  0  0  0  0
 13 15  1  6  0  0  0
  3  4  1  0  0  0  0
  5  7  1  0  0  0  0
 13 14  1  0  0  0  0
 25 17  1  0  0  0  0
 17 16  1  6  0  0  0
 17 18  1  0  0  0  0
 18 19  2  0  0  0  0
 19 23  1  0  0  0  0
 23 21  1  0  0  0  0
 21 20  1  0  0  0  0
 21 22  1  0  0  0  0
 23 24  1  6  0  0  0
 25 26  1  6  0  0  0
 27 28  1  6  0  0  0
 29 30  1  1  0  0  0
 21 31  1  0  0  0  0
 12 32  1  1  0  0  0
M  END
