82923-81-7.mol
  ChemDraw08051010142D

 24 25  0  0  0  0  0  0  0  0999 V2000
    1.8010   -0.3689    0.0000 N   0  0  0  0  0  0  0  0  0  0  0  0
    1.7148    0.4516    0.0000 C   0  0  0  0  0  0  0  0  0  0  0  0
    2.6080   -0.5405    0.0000 C   0  0  0  0  0  0  0  0  0  0  0  0
    1.1879   -0.9210    0.0000 C   0  0  0  0  0  0  0  0  0  0  0  0
    2.4684    0.7871    0.0000 C   0  0  0  0  0  0  0  0  0  0  0  0
    1.0473    0.9364    0.0000 C   0  0  0  0  0  0  0  0  0  0  0  0
    3.0205    0.1740    0.0000 C   0  0  0  0  0  0  0  0  0  0  0  0
    2.9435   -1.2942    0.0000 C   0  0  0  0  0  0  0  0  0  0  0  0
    0.4033   -0.6661    0.0000 C   0  0  0  0  0  0  0  0  0  0  0  0
    1.3595   -1.7280    0.0000 O   0  0  0  0  0  0  0  0  0  0  0  0
    2.5547    1.6076    0.0000 C   0  0  0  0  0  0  0  0  0  0  0  0
    1.1336    1.7569    0.0000 C   0  0  0  0  0  0  0  0  0  0  0  0
    3.7640   -1.3804    0.0000 O   0  0  0  0  0  0  0  0  0  0  0  0
    2.4587   -1.9616    0.0000 O   0  0  0  0  0  0  0  0  0  0  0  0
   -0.2098   -1.2181    0.0000 C   0  0  0  0  0  0  0  0  0  0  0  0
    0.2317    0.1409    0.0000 C   0  0  0  0  0  0  0  0  0  0  0  0
    1.8873    2.0925    0.0000 C   0  0  0  0  0  0  0  0  0  0  0  0
   -0.9382   -0.8308    0.0000 C   0  0  0  0  0  0  0  0  0  0  0  0
   -1.6379   -1.2680    0.0000 C   0  0  0  0  0  0  0  0  0  0  0  0
   -0.9670   -0.0063    0.0000 C   0  0  0  0  0  0  0  0  0  0  0  0
   -2.3663   -0.8807    0.0000 O   0  0  0  0  0  0  0  0  0  0  0  0
   -1.6091   -2.0925    0.0000 O   0  0  0  0  0  0  0  0  0  0  0  0
   -2.9794   -1.4327    0.0000 C   0  0  0  0  0  0  0  0  0  0  0  0
   -3.7640   -1.1777    0.0000 C   0  0  0  0  0  0  0  0  0  0  0  0
  1  2  1  0      
  1  3  1  0      
  1  4  1  0      
  2  5  2  0      
  2  6  1  0      
  3  7  1  0      
  3  8  1  1      
  4  9  1  0      
  4 10  2  0      
  5 11  1  0      
  5  7  1  0      
  6 12  2  0      
  8 13  1  0      
  8 14  2  0      
  9 15  1  0      
  9 16  1  1      
 11 17  2  0      
 12 17  1  0      
 15 18  1  0      
 18 19  1  0      
 18 20  1  6      
 19 21  1  0      
 19 22  2  0      
 21 23  1  0      
 23 24  1  0      
M  END
