
  Mrv1718007041815562D          

 26 27  0  0  0  0            999 V2000
   -3.1760   -0.5990    0.0000 C   0  0  0  0  0  0  0  0  0  0  0  0
    0.3962   -1.8366    0.0000 C   0  0  0  0  0  0  0  0  0  0  0  0
   -2.4617   -1.0116    0.0000 C   0  0  0  0  0  0  0  0  0  0  0  0
   -0.6607    1.9370    0.0000 C   0  0  0  0  0  0  0  0  0  0  0  0
   -0.9156    1.1523    0.0000 C   0  0  0  0  0  0  0  0  0  0  0  0
   -1.7470   -0.5990    0.0000 C   0  0  0  0  0  0  0  0  0  0  0  0
    0.1462    2.1084    0.0000 C   0  0  0  0  0  0  0  0  0  0  0  0
   -0.3636    0.5393    0.0000 C   0  0  0  0  0  0  0  0  0  0  0  0
    1.5233    1.4954    0.0000 C   0  0  0  0  0  0  0  0  0  0  0  0
    0.3962   -1.0116    0.0000 C   0  0  1  0  0  0  0  0  0  0  0  0
    0.6982    1.4954    0.0000 C   0  0  1  0  0  0  0  0  0  0  0  0
   -1.0326   -1.0116    0.0000 C   0  0  1  0  0  0  0  0  0  0  0  0
    0.4434    0.7107    0.0000 C   0  0  1  0  0  0  0  0  0  0  0  0
    1.7781    0.7107    0.0000 C   0  0  1  0  0  0  0  0  0  0  0  0
    1.1108   -0.5990    0.0000 C   0  0  0  0  0  0  0  0  0  0  0  0
   -1.0326   -1.8366    0.0000 C   0  0  0  0  0  0  0  0  0  0  0  0
    2.5629    0.4559    0.0000 C   0  0  0  0  0  0  0  0  0  0  0  0
   -0.3181   -0.5990    0.0000 N   0  0  0  0  0  0  0  0  0  0  0  0
    1.1108    0.2259    0.0000 N   0  0  0  0  0  0  0  0  0  0  0  0
    1.8252   -1.0116    0.0000 O   0  0  0  0  0  0  0  0  0  0  0  0
   -0.3181   -2.2491    0.0000 O   0  0  0  0  0  0  0  0  0  0  0  0
   -1.7470   -2.2491    0.0000 O   0  0  0  0  0  0  0  0  0  0  0  0
    3.1760    1.0079    0.0000 O   0  0  0  0  0  0  0  0  0  0  0  0
    2.7344   -0.3511    0.0000 O   0  0  0  0  0  0  0  0  0  0  0  0
    1.0339    2.2491    0.0000 H   0  0  0  0  0  0  0  0  0  0  0  0
    0.2718   -0.0962    0.0000 H   0  0  0  0  0  0  0  0  0  0  0  0
  3  1  1  0  0  0  0
  5  4  1  0  0  0  0
  6  3  1  0  0  0  0
  7  4  1  0  0  0  0
  8  5  1  0  0  0  0
 10  2  1  6  0  0  0
 11  7  1  0  0  0  0
 11  9  1  0  0  0  0
 12  6  1  0  0  0  0
 13  8  1  0  0  0  0
 13 11  1  0  0  0  0
 14  9  1  0  0  0  0
 15 10  1  0  0  0  0
 16 12  1  0  0  0  0
 14 17  1  1  0  0  0
 18 10  1  0  0  0  0
 12 18  1  6  0  0  0
 13 19  1  0  0  0  0
 19 14  1  0  0  0  0
 19 15  1  0  0  0  0
 20 15  2  0  0  0  0
 21 16  2  0  0  0  0
 22 16  1  0  0  0  0
 23 17  1  0  0  0  0
 24 17  2  0  0  0  0
 11 25  1  6  0  0  0
 13 26  1  6  0  0  0
M  END
