
  Mrv1902 01271922112D          

 26 28  0  0  0  0            999 V2000
   -2.9133    0.0956    0.0000 C   0  0  0  0  0  0  0  0  0  0  0  0
   -2.0883    0.0956    0.0000 C   0  0  0  0  0  0  0  0  0  0  0  0
   -2.5008   -0.6188    0.0000 C   0  0  0  0  0  0  0  0  0  0  0  0
   -1.3737    0.5081    0.0000 C   0  0  0  0  0  0  0  0  0  0  0  0
   -2.0883   -1.3332    0.0000 C   0  0  0  0  0  0  0  0  0  0  0  0
   -2.9133   -1.3332    0.0000 C   0  0  0  0  0  0  0  0  0  0  0  0
   -0.6591    0.0956    0.0000 O   0  0  0  0  0  0  0  0  0  0  0  0
   -1.3737    1.3332    0.0000 O   0  0  0  0  0  0  0  0  0  0  0  0
   -3.6278    0.5081    0.0000 C   0  0  0  0  0  0  0  0  0  0  0  0
   -4.3423    0.0956    0.0000 C   0  0  0  0  0  0  0  0  0  0  0  0
   -4.3423   -0.7294    0.0000 Cl  0  0  0  0  0  0  0  0  0  0  0  0
    0.0552    0.5081    0.0000 C   0  0  0  0  0  0  0  0  0  0  0  0
    0.7698    0.0956    0.0000 C   0  0  0  0  0  0  0  0  0  0  0  0
    1.4842    0.5081    0.0000 C   0  0  0  0  0  0  0  0  0  0  0  0
    0.7698   -0.7294    0.0000 C   0  0  0  0  0  0  0  0  0  0  0  0
    1.4842   -1.1419    0.0000 C   0  0  0  0  0  0  0  0  0  0  0  0
    2.1988    0.0956    0.0000 C   0  0  0  0  0  0  0  0  0  0  0  0
    2.9133    0.5081    0.0000 O   0  0  0  0  0  0  0  0  0  0  0  0
    3.6278    0.0956    0.0000 C   0  0  0  0  0  0  0  0  0  0  0  0
    4.3423    0.5081    0.0000 C   0  0  0  0  0  0  0  0  0  0  0  0
    3.6278   -0.7294    0.0000 C   0  0  0  0  0  0  0  0  0  0  0  0
    4.3423   -1.1419    0.0000 C   0  0  0  0  0  0  0  0  0  0  0  0
    5.0569   -0.7294    0.0000 C   0  0  0  0  0  0  0  0  0  0  0  0
    5.0569    0.0956    0.0000 C   0  0  0  0  0  0  0  0  0  0  0  0
    2.1988   -0.7294    0.0000 C   0  0  0  0  0  0  0  0  0  0  0  0
   -5.0569    0.5081    0.0000 Cl  0  0  0  0  0  0  0  0  0  0  0  0
 12  7  1  0  0  0  0
  1  2  1  0  0  0  0
  1  3  1  0  0  0  0
  1  9  1  0  0  0  0
  2  4  1  0  0  0  0
  2  3  1  0  0  0  0
  3  5  1  0  0  0  0
  3  6  1  0  0  0  0
  4  7  1  0  0  0  0
  4  8  2  0  0  0  0
  9 10  2  0  0  0  0
 10 11  1  0  0  0  0
 10 26  1  0  0  0  0
 12 13  1  0  0  0  0
 14 13  2  0  0  0  0
 13 15  1  0  0  0  0
 14 17  1  0  0  0  0
 15 16  2  0  0  0  0
 16 25  1  0  0  0  0
 25 17  2  0  0  0  0
 17 18  1  0  0  0  0
 18 19  1  0  0  0  0
 20 19  2  0  0  0  0
 19 21  1  0  0  0  0
 20 24  1  0  0  0  0
 21 22  2  0  0  0  0
 22 23  1  0  0  0  0
 23 24  2  0  0  0  0
M  END
