3783
  Mrv0541 02231217112D          

 13 13  0  0  0  0            999 V2000
    2.3644   -1.6500    0.0000 O   0  0  0  0  0  0  0  0  0  0  0  0
    3.7934    1.6500    0.0000 O   0  0  0  0  0  0  0  0  0  0  0  0
    2.3644    1.6500    0.0000 N   0  0  0  0  0  0  0  0  0  0  0  0
    2.3644    0.8250    0.0000 C   0  0  0  0  0  0  0  0  0  0  0  0
    2.3644   -0.8250    0.0000 C   0  0  0  0  0  0  0  0  0  0  0  0
    3.0790    0.4125    0.0000 C   0  0  0  0  0  0  0  0  0  0  0  0
    1.6500    0.4125    0.0000 C   0  0  0  0  0  0  0  0  0  0  0  0
    3.0790   -0.4125    0.0000 C   0  0  0  0  0  0  0  0  0  0  0  0
    1.6500   -0.4125    0.0000 C   0  0  0  0  0  0  0  0  0  0  0  0
    1.6500   -2.0625    0.0000 C   0  0  0  0  0  0  0  0  0  0  0  0
    1.6500   -2.8875    0.0000 C   0  0  0  0  0  0  0  0  0  0  0  0
    3.0790    2.0625    0.0000 C   0  0  0  0  0  0  0  0  0  0  0  0
    3.0790    2.8875    0.0000 C   0  0  0  0  0  0  0  0  0  0  0  0
  1  5  1  0  0  0  0
  1 10  1  0  0  0  0
  2 12  2  0  0  0  0
  3  4  1  0  0  0  0
  3 12  1  0  0  0  0
  4  6  2  0  0  0  0
  4  7  1  0  0  0  0
  5  8  2  0  0  0  0
  5  9  1  0  0  0  0
  6  8  1  0  0  0  0
  7  9  2  0  0  0  0
 10 11  1  0  0  0  0
 12 13  1  0  0  0  0
M  END
