mepixanox
  CDK     0223171736
null
 24 27  0  0  0  0  0  0  0  0999 V2000
   -0.7144   -2.3870    0.0000 C   0  0  0  0  0  0  0  0  0  0  0  0
   -0.7144   -3.2120    0.0000 C   0  0  0  0  0  0  0  0  0  0  0  0
   -1.4289   -1.9734    0.0000 N   0  0  0  0  0  0  0  0  0  0  0  0
   -0.0020   -3.6234    0.0000 C   0  0  0  0  0  0  0  0  0  0  0  0
   -1.4310   -3.6234    0.0000 C   0  0  0  0  0  0  0  0  0  0  0  0
   -2.1434   -2.3870    0.0000 C   0  0  0  0  0  0  0  0  0  0  0  0
   -1.4289   -1.1485    0.0000 C   0  0  0  0  0  0  0  0  0  0  0  0
   -0.0020   -4.4484    0.0000 C   0  0  0  0  0  0  0  0  0  0  0  0
    0.7144   -3.2120    0.0000 O   0  0  0  0  0  0  0  0  0  0  0  0
   -2.1454   -3.2120    0.0000 O   0  0  0  0  0  0  0  0  0  0  0  0
   -1.4310   -4.4484    0.0000 C   0  0  0  0  0  0  0  0  0  0  0  0
   -2.8578   -1.9734    0.0000 C   0  0  0  0  0  0  0  0  0  0  0  0
   -2.1434   -0.7370    0.0000 C   0  0  0  0  0  0  0  0  0  0  0  0
    0.7144   -4.8619    0.0000 C   0  0  0  0  0  0  0  0  0  0  0  0
   -0.7144   -4.8619    0.0000 C   0  0  0  0  0  0  0  0  0  0  0  0
    1.4289   -3.6234    0.0000 C   0  0  0  0  0  0  0  0  0  0  0  0
   -2.8598   -3.6234    0.0000 C   0  0  0  0  0  0  0  0  0  0  0  0
   -2.8578   -1.1485    0.0000 C   0  0  0  0  0  0  0  0  0  0  0  0
    0.7144   -5.6869    0.0000 O   0  0  0  0  0  0  0  0  0  0  0  0
    1.4289   -4.4484    0.0000 C   0  0  0  0  0  0  0  0  0  0  0  0
    2.1454   -3.2120    0.0000 C   0  0  0  0  0  0  0  0  0  0  0  0
    2.1454   -4.8619    0.0000 C   0  0  0  0  0  0  0  0  0  0  0  0
    2.8578   -3.6234    0.0000 C   0  0  0  0  0  0  0  0  0  0  0  0
    2.8578   -4.4484    0.0000 C   0  0  0  0  0  0  0  0  0  0  0  0
  1  2  1  0  0  0  0 
  1  3  1  0  0  0  0 
  2  4  1  0  0  0  0 
  2  5  2  0  0  0  0 
  3  6  1  0  0  0  0 
  3  7  1  0  0  0  0 
  4  8  2  0  0  0  0 
  4  9  1  0  0  0  0 
  5 10  1  0  0  0  0 
  5 11  1  0  0  0  0 
  6 12  1  0  0  0  0 
  7 13  1  0  0  0  0 
  8 14  1  0  0  0  0 
  8 15  1  0  0  0  0 
  9 16  1  0  0  0  0 
 10 17  1  0  0  0  0 
 11 15  2  0  0  0  0 
 12 18  1  0  0  0  0 
 13 18  1  0  0  0  0 
 14 19  2  0  0  0  0 
 14 20  1  0  0  0  0 
 16 20  1  0  0  0  0 
 16 21  2  0  0  0  0 
 20 22  2  0  0  0  0 
 21 23  1  0  0  0  0 
 22 24  1  0  0  0  0 
 23 24  2  0  0  0  0 
M  END
