
  Mrv0541 09131211512D          

 22 24  0  0  0  0            999 V2000
    2.1434   -0.4125    0.0000 C   0  0  0  0  0  0  0  0  0  0  0  0
    2.8579    0.0000    0.0000 C   0  0  0  0  0  0  0  0  0  0  0  0
   -0.7145   -0.4125    0.0000 C   0  0  0  0  0  0  0  0  0  0  0  0
   -1.4289    0.8250    0.0000 C   0  0  0  0  0  0  0  0  0  0  0  0
    0.0000    0.0000    0.0000 C   0  0  0  0  0  0  0  0  0  0  0  0
   -0.7145    1.2375    0.0000 C   0  0  0  0  0  0  0  0  0  0  0  0
    1.4289    2.4750    0.0000 C   0  0  0  0  0  0  0  0  0  0  0  0
    3.5724    1.2375    0.0000 C   0  0  0  0  0  0  0  0  0  0  0  0
    2.1434    2.0625    0.0000 C   0  0  0  0  0  0  0  0  0  0  0  0
    3.5724    2.0625    0.0000 C   0  0  0  0  0  0  0  0  0  0  0  0
    2.8579    2.4750    0.0000 C   0  0  0  0  0  0  0  0  0  0  0  0
    2.1434    1.2375    0.0000 C   0  0  0  0  0  0  0  0  0  0  0  0
    4.2868    2.4750    0.0000 C   0  0  0  0  0  0  0  0  0  0  0  0
    0.7145    1.2375    0.0000 C   0  0  0  0  0  0  0  0  0  0  0  0
   -1.4289    0.0000    0.0000 N   0  0  0  0  0  0  0  0  0  0  0  0
    0.7145    2.0625    0.0000 N   0  0  0  0  0  0  0  0  0  0  0  0
    1.4289    0.8250    0.0000 N   0  0  0  0  0  0  0  0  0  0  0  0
    2.8579    0.8250    0.0000 N   0  0  0  0  0  0  0  0  0  0  0  0
    0.0000    0.8250    0.0000 N   0  0  0  0  0  0  0  0  0  0  0  0
    2.8579    3.3000    0.0000 O   0  0  0  0  0  0  0  0  0  0  0  0
    4.2868    3.3000    0.0000 O   0  0  0  0  0  0  0  0  0  0  0  0
    5.0013    2.0625    0.0000 O   0  0  0  0  0  0  0  0  0  0  0  0
  2  1  1  0  0  0  0
  5  3  1  0  0  0  0
  6  4  1  0  0  0  0
  9  7  2  0  0  0  0
 10  8  2  0  0  0  0
 11  9  1  0  0  0  0
 11 10  1  0  0  0  0
 12  9  1  0  0  0  0
 13 10  1  0  0  0  0
 15  3  1  0  0  0  0
 15  4  1  0  0  0  0
 16  7  1  0  0  0  0
 16 14  2  0  0  0  0
 17 12  2  0  0  0  0
 17 14  1  0  0  0  0
 18  2  1  0  0  0  0
 18  8  1  0  0  0  0
 18 12  1  0  0  0  0
 19  5  1  0  0  0  0
 19  6  1  0  0  0  0
 19 14  1  0  0  0  0
 20 11  2  0  0  0  0
 21 13  2  0  0  0  0
 22 13  1  0  0  0  0
M  END
