71-00-1.MOL
  ChemDraw01102001242D

 23 25  0  0  0  0  0  0  0  0999 V2000
   -0.8649   -0.7584    0.0000 N   0  0  0  0  0  0  0  0  0  0  0  0
   -0.7786    0.0621    0.0000 N   0  0  0  0  0  0  0  0  0  0  0  0
    0.0283    0.2336    0.0000 C   0  0  0  0  0  0  0  0  0  0  0  0
    0.4408   -0.4809    0.0000 C   0  0  0  0  0  0  0  0  0  0  0  0
   -0.1112   -1.0940    0.0000 C   0  0  0  0  0  0  0  0  0  0  0  0
   -0.1210    1.6547    0.0000 C   0  0  0  0  0  0  0  0  0  0  0  0
    0.3639    0.9873    0.0000 C   0  0  0  0  0  0  0  0  0  0  0  0
   -0.9415    1.5685    0.0000 O   0  0  0  0  0  0  0  0  0  0  0  0
    0.2145    2.4084    0.0000 O   0  0  0  0  0  0  0  0  0  0  0  0
   -1.5793   -1.1709    0.0000 C   0  0  0  0  0  0  0  0  0  0  0  0
   -1.5793   -1.9959    0.0000 C   0  0  0  0  0  0  0  0  0  0  0  0
   -2.2938   -2.4084    0.0000 C   0  0  0  0  0  0  0  0  0  0  0  0
   -3.0083   -1.9959    0.0000 C   0  0  0  0  0  0  0  0  0  0  0  0
   -3.0083   -1.1709    0.0000 C   0  0  0  0  0  0  0  0  0  0  0  0
   -2.2938   -0.7584    0.0000 C   0  0  0  0  0  0  0  0  0  0  0  0
   -3.7228   -2.4084    0.0000 F   0  0  0  0  0  0  0  0  0  0  0  0
    1.2613   -0.5671    0.0000 C   0  0  0  0  0  0  0  0  0  0  0  0
    1.7462    0.1003    0.0000 C   0  0  0  0  0  0  0  0  0  0  0  0
    2.5667    0.0141    0.0000 C   0  0  0  0  0  0  0  0  0  0  0  0
    2.9023   -0.7396    0.0000 C   0  0  0  0  0  0  0  0  0  0  0  0
    2.4174   -1.4070    0.0000 C   0  0  0  0  0  0  0  0  0  0  0  0
    1.5969   -1.3208    0.0000 C   0  0  0  0  0  0  0  0  0  0  0  0
    3.7228   -0.8258    0.0000 Cl  0  0  0  0  0  0  0  0  0  0  0  0
  1  2  1  0      
  2  3  2  0      
  3  4  1  0      
  4  5  2  0      
  1  5  1  0      
  6  7  1  0      
  6  8  2  0      
  6  9  1  0      
  3  7  1  0      
 10 11  1  0      
 11 12  2  0      
 12 13  1  0      
 13 14  2  0      
 14 15  1  0      
 10 15  2  0      
 13 16  1  0      
  1 10  1  0      
 17 18  1  0      
 18 19  2  0      
 19 20  1  0      
 20 21  2  0      
 21 22  1  0      
 17 22  2  0      
 20 23  1  0      
  4 17  1  0      
M  END
