
  Mrv1718012301821052D          

 19 20  0  0  0  0            999 V2000
   -1.0716   -1.8562    0.0000 C   0  0  0  0  0  0  0  0  0  0  0  0
   -0.3571   -1.4437    0.0000 C   0  0  0  0  0  0  0  0  0  0  0  0
   -0.3571   -0.6187    0.0000 C   0  0  0  0  0  0  0  0  0  0  0  0
   -1.7861   -1.4437    0.0000 C   0  0  0  0  0  0  0  0  0  0  0  0
   -1.7861   -0.6187    0.0000 C   0  0  0  0  0  0  0  0  0  0  0  0
   -2.5005   -0.2062    0.0000 C   0  0  0  0  0  0  0  0  0  0  0  0
   -3.2151   -0.6187    0.0000 C   0  0  0  0  0  0  0  0  0  0  0  0
   -3.2151   -1.4437    0.0000 C   0  0  0  0  0  0  0  0  0  0  0  0
   -2.5005   -1.8562    0.0000 C   0  0  0  0  0  0  0  0  0  0  0  0
   -1.0716   -0.2062    0.0000 C   0  0  0  0  0  0  0  0  0  0  0  0
   -1.0716    0.6187    0.0000 O   0  0  0  0  0  0  0  0  0  0  0  0
   -0.3571    1.0312    0.0000 C   0  0  0  0  0  0  0  0  0  0  0  0
    1.0717    1.0312    0.0000 C   0  0  0  0  0  0  0  0  0  0  0  0
    1.7862    0.6187    0.0000 N   0  0  0  0  0  0  0  0  0  0  0  0
    2.5007    1.8562    0.0000 C   0  0  0  0  0  0  0  0  0  0  0  0
    2.5007    1.0312    0.0000 C   0  0  0  0  0  0  0  0  0  0  0  0
    3.2151    0.6187    0.0000 C   0  0  0  0  0  0  0  0  0  0  0  0
    0.3572    0.6187    0.0000 C   0  0  0  0  0  0  0  0  0  0  0  0
    0.3572   -0.2062    0.0000 O   0  0  0  0  0  0  0  0  0  0  0  0
 10  5  1  0  0  0  0
 10  3  2  0  0  0  0
  4  1  1  0  0  0  0
  1  2  2  0  0  0  0
  2  3  1  0  0  0  0
  9  4  1  0  0  0  0
  5  4  2  0  0  0  0
  6  5  1  0  0  0  0
  6  7  2  0  0  0  0
  7  8  1  0  0  0  0
  8  9  2  0  0  0  0
 10 11  1  0  0  0  0
 11 12  1  0  0  0  0
 12 18  1  0  0  0  0
 18 13  1  0  0  0  0
 13 14  1  0  0  0  0
 14 16  1  0  0  0  0
 16 15  1  0  0  0  0
 16 17  1  0  0  0  0
 18 19  1  0  0  0  0
M  END
