
  Mrv1718009271815162D          

 25 26  0  0  0  0            999 V2000
   -1.7862    1.0313    0.0000 C   0  0  0  0  0  0  0  0  0  0  0  0
   -1.0717    1.4438    0.0000 C   0  0  0  0  0  0  0  0  0  0  0  0
   -1.7862    0.2062    0.0000 C   0  0  0  0  0  0  0  0  0  0  0  0
   -1.0717   -0.2062    0.0000 O   0  0  0  0  0  0  0  0  0  0  0  0
   -1.0717    2.2688    0.0000 O   0  0  0  0  0  0  0  0  0  0  0  0
   -0.3572    1.0313    0.0000 C   0  0  0  0  0  0  0  0  0  0  0  0
   -1.0717   -1.0312    0.0000 C   0  0  0  0  0  0  0  0  0  0  0  0
   -0.3572   -1.4437    0.0000 C   0  0  0  0  0  0  0  0  0  0  0  0
    0.3572    1.4438    0.0000 C   0  0  0  0  0  0  0  0  0  0  0  0
    1.0717   -1.4438    0.0000 N   0  0  0  0  0  0  0  0  0  0  0  0
    1.0717    1.0313    0.0000 C   0  0  0  0  0  0  0  0  0  0  0  0
   -0.3572   -2.2688    0.0000 O   0  0  0  0  0  0  0  0  0  0  0  0
   -2.5007    1.4438    0.0000 C   0  0  0  0  0  0  0  0  0  0  0  0
    0.3572   -1.0312    0.0000 C   0  0  0  0  0  0  0  0  0  0  0  0
   -2.5007   -0.2062    0.0000 C   0  0  0  0  0  0  0  0  0  0  0  0
    1.7862   -1.0312    0.0000 C   0  0  0  0  0  0  0  0  0  0  0  0
    1.7862    1.4438    0.0000 C   0  0  0  0  0  0  0  0  0  0  0  0
    1.0717    0.2062    0.0000 C   0  0  0  0  0  0  0  0  0  0  0  0
    2.5007   -1.4438    0.0000 C   0  0  0  0  0  0  0  0  0  0  0  0
   -3.2152    1.0313    0.0000 C   0  0  0  0  0  0  0  0  0  0  0  0
    3.2152   -1.0313    0.0000 C   0  0  0  0  0  0  0  0  0  0  0  0
   -3.2152    0.2062    0.0000 C   0  0  0  0  0  0  0  0  0  0  0  0
    1.7862   -0.2062    0.0000 C   0  0  0  0  0  0  0  0  0  0  0  0
    2.5007    1.0313    0.0000 C   0  0  0  0  0  0  0  0  0  0  0  0
    2.5007    0.2062    0.0000 C   0  0  0  0  0  0  0  0  0  0  0  0
  2  1  1  0  0  0  0
  3  1  2  0  0  0  0
 13  1  1  0  0  0  0
  5  2  2  0  0  0  0
  6  2  1  0  0  0  0
  4  3  1  0  0  0  0
 15  3  1  0  0  0  0
  7  4  1  0  0  0  0
  9  6  1  0  0  0  0
  8  7  1  0  0  0  0
 12  8  1  0  0  0  0
 14  8  1  0  0  0  0
 11  9  1  0  0  0  0
 14 10  1  0  0  0  0
 16 10  1  0  0  0  0
 17 11  1  0  0  0  0
 18 11  2  0  0  0  0
 20 13  2  0  0  0  0
 22 15  2  0  0  0  0
 19 16  1  0  0  0  0
 24 17  2  0  0  0  0
 23 18  1  0  0  0  0
 21 19  1  0  0  0  0
 22 20  1  0  0  0  0
 25 23  2  0  0  0  0
 25 24  1  0  0  0  0
M  END
