
  Mrv1718007041813562D          

 30 32  0  0  0  0            999 V2000
   -3.5372   -0.3017    0.0000 C   0  0  0  0  0  0  0  0  0  0  0  0
   -4.2517   -0.7142    0.0000 C   0  0  0  0  0  0  0  0  0  0  0  0
   -4.2517   -1.5392    0.0000 C   0  0  0  0  0  0  0  0  0  0  0  0
   -3.5372   -1.9517    0.0000 C   0  0  0  0  0  0  0  0  0  0  0  0
   -2.8228   -1.5392    0.0000 C   0  0  0  0  0  0  0  0  0  0  0  0
   -2.8228   -0.7142    0.0000 C   0  0  0  0  0  0  0  0  0  0  0  0
   -2.1083   -0.3017    0.0000 C   0  0  0  0  0  0  0  0  0  0  0  0
   -1.3938   -0.7142    0.0000 C   0  0  0  0  0  0  0  0  0  0  0  0
    0.0350   -0.7142    0.0000 N   0  0  0  0  0  0  0  0  0  0  0  0
    2.9301    0.8013    0.0000 C   0  0  0  0  0  0  0  0  0  0  0  0
    2.1784   -0.3017    0.0000 N   0  0  0  0  0  0  0  0  0  0  0  0
    3.4751   -1.1854    0.0000 C   0  0  0  0  0  0  0  0  0  0  0  0
    4.2517   -0.9069    0.0000 C   0  0  0  0  0  0  0  0  0  0  0  0
    4.2269   -0.0824    0.0000 C   0  0  0  0  0  0  0  0  0  0  0  0
    2.9704   -0.5329    0.0000 C   0  0  1  0  0  0  0  0  0  0  0  0
    2.5579   -1.2474    0.0000 H   0  0  0  0  0  0  0  0  0  0  0  0
    3.4349    0.1487    0.0000 C   0  0  2  0  0  0  0  0  0  0  0  0
    3.8474    0.8632    0.0000 H   0  0  0  0  0  0  0  0  0  0  0  0
    0.7495   -0.3017    0.0000 C   0  0  1  0  0  0  0  0  0  0  0  0
    0.7495    0.5232    0.0000 C   0  0  0  0  0  0  0  0  0  0  0  0
   -0.6794   -0.3017    0.0000 C   0  0  2  0  0  0  0  0  0  0  0  0
   -0.6794    0.5232    0.0000 C   0  0  0  0  0  0  0  0  0  0  0  0
   -1.3938    0.9357    0.0000 O   0  0  0  0  0  0  0  0  0  0  0  0
    0.0350    0.9357    0.0000 O   0  0  0  0  0  0  0  0  0  0  0  0
    2.1536    0.5228    0.0000 C   0  0  2  0  0  0  0  0  0  0  0  0
    0.9161    1.2373    0.0000 O   0  0  0  0  0  0  0  0  0  0  0  0
    1.7411    1.2373    0.0000 C   0  0  0  0  0  0  0  0  0  0  0  0
    2.1536    1.9517    0.0000 O   0  0  0  0  0  0  0  0  0  0  0  0
    1.4639   -0.7142    0.0000 C   0  0  0  0  0  0  0  0  0  0  0  0
    1.4639   -1.5392    0.0000 O   0  0  0  0  0  0  0  0  0  0  0  0
  1  2  1  0  0  0  0
  1  6  2  0  0  0  0
  2  3  2  0  0  0  0
  3  4  1  0  0  0  0
  4  5  2  0  0  0  0
  5  6  1  0  0  0  0
  6  7  1  0  0  0  0
  7  8  1  0  0  0  0
  8 21  1  0  0  0  0
 21  9  1  0  0  0  0
  9 19  1  0  0  0  0
 19 29  1  0  0  0  0
 29 11  1  0  0  0  0
 10 25  1  0  0  0  0
 10 17  1  0  0  0  0
 25 11  1  0  0  0  0
 11 15  1  0  0  0  0
 15 12  1  0  0  0  0
 17 15  1  0  0  0  0
 17 14  1  0  0  0  0
 12 13  1  0  0  0  0
 13 14  1  0  0  0  0
 15 16  1  1  0  0  0
 17 18  1  1  0  0  0
 19 20  1  1  0  0  0
 21 22  1  1  0  0  0
 22 24  1  0  0  0  0
 22 23  2  0  0  0  0
 25 27  1  6  0  0  0
 27 26  2  0  0  0  0
 27 28  1  0  0  0  0
 29 30  2  0  0  0  0
M  END
