
  Mrv1909 11281918362D          

 32 34  0  0  0  0            999 V2000
   -3.5372   -0.4125    0.0000 C   0  0  0  0  0  0  0  0  0  0  0  0
   -4.2517   -0.8250    0.0000 C   0  0  0  0  0  0  0  0  0  0  0  0
   -4.2517   -1.6500    0.0000 C   0  0  0  0  0  0  0  0  0  0  0  0
   -3.5372   -2.0625    0.0000 C   0  0  0  0  0  0  0  0  0  0  0  0
   -2.8228   -1.6500    0.0000 C   0  0  0  0  0  0  0  0  0  0  0  0
   -2.8228   -0.8250    0.0000 C   0  0  0  0  0  0  0  0  0  0  0  0
   -2.1083   -0.4125    0.0000 C   0  0  0  0  0  0  0  0  0  0  0  0
   -1.3938   -0.8250    0.0000 C   0  0  0  0  0  0  0  0  0  0  0  0
    0.0350   -0.8250    0.0000 N   0  0  0  0  0  0  0  0  0  0  0  0
    2.9301    0.6906    0.0000 C   0  0  0  0  0  0  0  0  0  0  0  0
    2.1784   -0.4125    0.0000 N   0  0  0  0  0  0  0  0  0  0  0  0
    3.4751   -1.2962    0.0000 C   0  0  0  0  0  0  0  0  0  0  0  0
    4.2517   -1.0177    0.0000 C   0  0  0  0  0  0  0  0  0  0  0  0
    4.2269   -0.1931    0.0000 C   0  0  0  0  0  0  0  0  0  0  0  0
    2.9704   -0.6437    0.0000 C   0  0  1  0  0  0  0  0  0  0  0  0
    2.5579   -1.3582    0.0000 H   0  0  0  0  0  0  0  0  0  0  0  0
    3.4349    0.0379    0.0000 C   0  0  2  0  0  0  0  0  0  0  0  0
    3.8474    0.7525    0.0000 H   0  0  0  0  0  0  0  0  0  0  0  0
    0.7495   -0.4125    0.0000 C   0  0  1  0  0  0  0  0  0  0  0  0
    0.7495    0.4125    0.0000 C   0  0  0  0  0  0  0  0  0  0  0  0
   -0.6794   -0.4125    0.0000 C   0  0  2  0  0  0  0  0  0  0  0  0
   -0.6794    0.4125    0.0000 C   0  0  0  0  0  0  0  0  0  0  0  0
   -1.3938    0.8250    0.0000 O   0  0  0  0  0  0  0  0  0  0  0  0
    0.0350    0.8250    0.0000 O   0  0  0  0  0  0  0  0  0  0  0  0
    0.0350    1.6500    0.0000 C   0  0  0  0  0  0  0  0  0  0  0  0
    2.1536    0.4120    0.0000 C   0  0  2  0  0  0  0  0  0  0  0  0
    0.9161    1.1266    0.0000 O   0  0  0  0  0  0  0  0  0  0  0  0
    1.7411    1.1266    0.0000 C   0  0  0  0  0  0  0  0  0  0  0  0
    2.1536    1.8410    0.0000 O   0  0  0  0  0  0  0  0  0  0  0  0
    1.4639   -0.8250    0.0000 C   0  0  0  0  0  0  0  0  0  0  0  0
    1.4639   -1.6500    0.0000 O   0  0  0  0  0  0  0  0  0  0  0  0
    0.7495    2.0625    0.0000 C   0  0  0  0  0  0  0  0  0  0  0  0
  1  2  1  0  0  0  0
  1  6  2  0  0  0  0
  2  3  2  0  0  0  0
  3  4  1  0  0  0  0
  4  5  2  0  0  0  0
  5  6  1  0  0  0  0
  6  7  1  0  0  0  0
  7  8  1  0  0  0  0
  8 21  1  0  0  0  0
 21  9  1  0  0  0  0
  9 19  1  0  0  0  0
 19 30  1  0  0  0  0
 30 11  1  0  0  0  0
 10 26  1  0  0  0  0
 10 17  1  0  0  0  0
 26 11  1  0  0  0  0
 11 15  1  0  0  0  0
 15 12  1  0  0  0  0
 17 15  1  0  0  0  0
 17 14  1  0  0  0  0
 12 13  1  0  0  0  0
 13 14  1  0  0  0  0
 15 16  1  1  0  0  0
 17 18  1  1  0  0  0
 19 20  1  1  0  0  0
 21 22  1  1  0  0  0
 22 24  1  0  0  0  0
 22 23  2  0  0  0  0
 24 25  1  0  0  0  0
 26 28  1  6  0  0  0
 28 27  2  0  0  0  0
 28 29  1  0  0  0  0
 30 31  2  0  0  0  0
 25 32  1  0  0  0  0
M  END
