
  Ketcher 08041514002D 1   1.00000     0.00000     0

 43 45  0     1  0            999 V2000
   13.4549   -8.5605    0.0000 O   0  0  0  0  0  0  0  0  0  0  0  0
    7.3637   -6.0488    0.0000 O   0  0  0  0  0  0  0  0  0  0  0  0
   12.5843   -6.0488    0.0000 O   0  0  0  0  0  0  0  0  0  0  0  0
    8.2338   -4.5417    0.0000 O   0  0  0  0  0  0  0  0  0  0  0  0
    9.9741   -7.5559    0.0000 O   0  0  0  0  0  0  0  0  0  0  0  0
    5.6234   -5.0440    0.0000 O   0  0  0  0  0  0  0  0  0  0  0  0
    9.9741  -10.5700    0.0000 O   0  0  0  0  0  0  0  0  0  0  0  0
   11.7141   -7.5559    0.0000 O   0  0  0  0  0  0  0  0  0  0  0  0
    6.4936   -6.5512    0.0000 O   0  0  0  0  0  0  0  0  0  0  0  0
    5.6234   -3.0347    0.0000 N   0  0  0  0  0  0  0  0  0  0  0  0
   12.5843   -8.0582    0.0000 C   0  0  0  0  0  0  0  0  0  0  0  0
   12.5843   -9.0629    0.0000 C   0  0  0  0  0  0  0  0  0  0  0  0
   13.4544   -7.5559    0.0000 C   0  0  0  0  0  0  0  0  0  0  0  0
   13.4544   -6.5512    0.0000 C   0  0  0  0  0  0  0  0  0  0  0  0
   12.5843  -10.0677    0.0000 C   0  0  0  0  0  0  0  0  0  0  0  0
   11.7141   -9.5652    0.0000 C   0  0  0  0  0  0  0  0  0  0  0  0
    8.2338   -6.5512    0.0000 C   0  0  0  0  0  0  0  0  0  0  0  0
    8.2338   -7.5559    0.0000 C   0  0  0  0  0  0  0  0  0  0  0  0
   14.3245   -8.0582    0.0000 C   0  0  0  0  0  0  0  0  0  0  0  0
    9.1038   -6.0488    0.0000 C   0  0  0  0  0  0  0  0  0  0  0  0
    9.1038   -8.0582    0.0000 C   0  0  0  0  0  0  0  0  0  0  0  0
   14.3245   -6.0488    0.0000 C   0  0  0  0  0  0  0  0  0  0  0  0
    7.3637   -5.0440    0.0000 C   0  0  0  0  0  0  0  0  0  0  0  0
    9.9741   -6.5512    0.0000 C   0  0  0  0  0  0  0  0  0  0  0  0
    9.1038   -9.0629    0.0000 C   0  0  0  0  0  0  0  0  0  0  0  0
    6.4936   -3.5371    0.0000 C   0  0  0  0  0  0  0  0  0  0  0  0
    6.4936   -4.5417    0.0000 C   0  0  0  0  0  0  0  0  0  0  0  0
   10.8441   -9.0629    0.0000 C   0  0  0  0  0  0  0  0  0  0  0  0
    7.3637   -3.0347    0.0000 C   0  0  0  0  0  0  0  0  0  0  0  0
    7.3637   -8.0582    0.0000 C   0  0  0  0  0  0  0  0  0  0  0  0
    8.2338   -3.5371    0.0000 C   0  0  0  0  0  0  0  0  0  0  0  0
   10.8441   -6.0488    0.0000 C   0  0  0  0  0  0  0  0  0  0  0  0
    9.9741   -9.5652    0.0000 C   0  0  0  0  0  0  0  0  0  0  0  0
    9.1038   -5.0440    0.0000 C   0  0  0  0  0  0  0  0  0  0  0  0
   11.7141   -6.5512    0.0000 C   0  0  0  0  0  0  0  0  0  0  0  0
   14.3245   -5.0440    0.0000 C   0  0  0  0  0  0  0  0  0  0  0  0
    8.2338   -9.5652    0.0000 C   0  0  0  0  0  0  0  0  0  0  0  0
    9.1038   -3.0347    0.0000 C   0  0  0  0  0  0  0  0  0  0  0  0
    6.4936   -7.5559    0.0000 C   0  0  0  0  0  0  0  0  0  0  0  0
    5.6234   -2.0299    0.0000 C   0  0  0  0  0  0  0  0  0  0  0  0
    4.7533   -3.5371    0.0000 C   0  0  0  0  0  0  0  0  0  0  0  0
   12.3686   -7.2960    0.0000 H   0  0  0  0  0  0  0  0  0  0  0  0
    5.6236   -8.0582    0.0000 H   0  0  0  0  0  0  0  0  0  0  0  0
  1 11  1  0     0  0
  1 12  1  0     0  0
 17  2  1  6     0  0
 23  2  1  1     0  0
  3 14  1  0     0  0
  3 35  1  0     0  0
  4 23  1  0     0  0
  4 31  1  0     0  0
 24  5  1  1     0  0
 27  6  1  6     0  0
  7 33  2  0     0  0
  8 35  2  0     0  0
  9 39  2  0     0  0
 26 10  1  1     0  0
 10 40  1  0     0  0
 10 41  1  0     0  0
 11 12  1  0     0  0
 11 13  1  0     0  0
 11 42  1  1     0  0
 12 15  1  6     0  0
 12 16  1  0     0  0
 13 14  1  0     0  0
 13 19  1  1     0  0
 14 22  1  6     0  0
 16 28  2  0     0  0
 17 18  1  0     0  0
 17 20  1  0     0  0
 18 21  1  0     0  0
 18 30  1  6     0  0
 20 24  1  0     0  0
 20 34  1  1     0  0
 21 25  1  0     0  0
 22 36  1  0     0  0
 23 27  1  0     0  0
 24 32  1  0     0  0
 25 33  1  0     0  0
 25 37  1  6     0  0
 26 27  1  0     0  0
 26 29  1  0     0  0
 28 33  1  0     0  0
 29 31  1  0     0  0
 30 39  1  0     0  0
 31 38  1  1     0  0
 32 35  1  0     0  0
 39 43  1  0     0  0
M  END
