
  Mrv1909 02072015412D          

 27 29  0  0  0  0            999 V2000
    2.9475    0.7879    0.0000 N   0  0  0  0  0  0  0  0  0  0  0  0
    2.1630    1.0427    0.0000 C   0  0  0  0  0  0  0  0  0  0  0  0
    2.9647   -1.2966    0.0000 C   0  0  2  0  0  0  0  0  0  0  0  0
    3.4325    1.4551    0.0000 C   0  0  0  0  0  0  0  0  0  0  0  0
    2.1630    1.8677    0.0000 C   0  0  0  0  0  0  0  0  0  0  0  0
    1.5512    0.6553    0.0000 N   0  0  0  0  0  0  0  0  0  0  0  0
    1.8750   -0.7789    0.0000 O   0  0  0  0  0  0  0  0  0  0  0  0
    2.5484   -2.1114    0.0000 C   0  0  1  0  0  0  0  0  0  0  0  0
    2.9475    2.1225    0.0000 N   0  0  0  0  0  0  0  0  0  0  0  0
    1.5294    2.1434    0.0000 C   0  0  0  0  0  0  0  0  0  0  0  0
    0.9139    1.0463    0.0000 C   0  0  0  0  0  0  0  0  0  0  0  0
    0.8829   -1.2966    0.0000 C   0  0  1  0  0  0  0  0  0  0  0  0
    1.2919   -2.1114    0.0000 C   0  0  1  0  0  0  0  0  0  0  0  0
    2.9274   -2.8328    0.0000 O   0  0  0  0  0  0  0  0  0  0  0  0
    0.9139    1.7416    0.0000 N   0  0  0  0  0  0  0  0  0  0  0  0
    1.5294    2.8328    0.0000 N   0  0  0  0  0  0  0  0  0  0  0  0
    0.7603   -0.3749    0.0000 C   0  0  0  0  0  0  0  0  0  0  0  0
    0.8938   -2.7954    0.0000 O   0  0  0  0  0  0  0  0  0  0  0  0
    0.0832    0.0633    0.0000 S   0  3  0  0  0  0  0  0  0  0  0  0
   -0.5973   -0.3749    0.0000 C   0  0  0  0  0  0  0  0  0  0  0  0
    0.0669    0.9530    0.0000 C   0  0  0  0  0  0  0  0  0  0  0  0
   -1.2961    0.0633    0.0000 C   0  0  0  0  0  0  0  0  0  0  0  0
   -1.9951   -0.3749    0.0000 C   0  0  1  0  0  0  0  0  0  0  0  0
   -2.7229    0.0885    0.0000 C   0  0  0  0  0  0  0  0  0  0  0  0
   -1.9835   -1.2587    0.0000 N   0  0  0  0  0  0  0  0  0  0  0  0
   -3.4325   -0.3749    0.0000 O   0  0  0  0  0  0  0  0  0  0  0  0
   -2.7229    0.8525    0.0000 O   0  5  0  0  0  0  0  0  0  0  0  0
  1  2  1  0  0  0  0
  3  1  1  1  0  0  0
  1  4  1  0  0  0  0
  2  5  2  0  0  0  0
  2  6  1  0  0  0  0
  3  7  1  0  0  0  0
  3  8  1  0  0  0  0
  4  9  2  0  0  0  0
  5 10  1  0  0  0  0
  6 11  2  0  0  0  0
  7 12  1  0  0  0  0
  8 13  1  0  0  0  0
  8 14  1  6  0  0  0
 10 15  2  0  0  0  0
 10 16  1  0  0  0  0
 12 17  1  1  0  0  0
 13 18  1  6  0  0  0
 17 19  1  0  0  0  0
 19 20  1  0  0  0  0
 19 21  1  0  0  0  0
 20 22  1  0  0  0  0
 22 23  1  0  0  0  0
 23 24  1  0  0  0  0
 23 25  1  6  0  0  0
 24 26  2  0  0  0  0
 24 27  1  0  0  0  0
  5  9  1  0  0  0  0
 11 15  1  0  0  0  0
 12 13  1  0  0  0  0
M  CHG  2  19   1  27  -1
M  END
