
  Mrv0541 02241217142D          

 12 13  0  0  0  0            999 V2000
    0.3232    0.0805    0.0000 C   0  0  0  0  0  0  0  0  0  0  0  0
    1.1322   -0.0813    0.0000 C   0  0  0  0  0  0  0  0  0  0  0  0
    1.5367   -0.8086    0.0000 C   0  0  0  0  0  0  0  0  0  0  0  0
    1.0513   -1.4558    0.0000 C   0  0  0  0  0  0  0  0  0  0  0  0
    0.2423   -1.3749    0.0000 C   0  0  0  0  0  0  0  0  0  0  0  0
   -0.0805   -0.6468    0.0000 C   0  0  0  0  0  0  0  0  0  0  0  0
   -0.8895   -0.4041    0.0000 C   0  0  0  0  0  0  0  0  0  0  0  0
   -1.5367   -0.8086    0.0000 O   0  0  0  0  0  0  0  0  0  0  0  0
   -0.8895    0.4041    0.0000 N   0  0  0  0  0  0  0  0  0  0  0  0
   -0.0805    0.7277    0.0000 S   0  0  0  0  0  0  0  0  0  0  0  0
   -0.4850    1.4558    0.0000 O   0  0  0  0  0  0  0  0  0  0  0  0
    0.5659    1.2131    0.0000 O   0  0  0  0  0  0  0  0  0  0  0  0
  1  2  1  0  0  0  0
  1  6  2  0  0  0  0
  1 10  1  0  0  0  0
  2  3  2  0  0  0  0
  3  4  1  0  0  0  0
  4  5  2  0  0  0  0
  5  6  1  0  0  0  0
  6  7  1  0  0  0  0
  7  8  2  0  0  0  0
  7  9  1  0  0  0  0
  9 10  1  0  0  0  0
 10 11  2  0  0  0  0
 10 12  2  0  0  0  0
M  END
