10152-65-5.MOL
  ChemDraw12301914222D

 21 21  0  0  0  0  0  0  0  0999 V2000
    0.3572    0.7145    0.0000 C   0  0  0  0  0  0  0  0  0  0  0  0
   -0.4678    0.7145    0.0000 C   0  0  0  0  0  0  0  0  0  0  0  0
   -0.8803    1.4289    0.0000 C   0  0  0  0  0  0  0  0  0  0  0  0
   -1.7053    1.4289    0.0000 C   0  0  0  0  0  0  0  0  0  0  0  0
   -2.1178    0.7145    0.0000 C   0  0  0  0  0  0  0  0  0  0  0  0
   -1.7053   -0.0000    0.0000 C   0  0  0  0  0  0  0  0  0  0  0  0
   -0.8803   -0.0000    0.0000 C   0  0  0  0  0  0  0  0  0  0  0  0
    0.7697    1.4289    0.0000 O   0  0  0  0  0  0  0  0  0  0  0  0
    0.7697   -0.0000    0.0000 N   0  0  0  0  0  0  0  0  0  0  0  0
   -2.9428    0.7145    0.0000 N   0  0  0  0  0  0  0  0  0  0  0  0
   -3.3553    1.4289    0.0000 S   0  0  0  0  0  0  0  0  0  0  0  0
   -2.6408    1.8414    0.0000 O   0  0  0  0  0  0  0  0  0  0  0  0
   -4.0697    1.0164    0.0000 O   0  0  0  0  0  0  0  0  0  0  0  0
   -3.7678    2.1434    0.0000 C   0  0  0  0  0  0  0  0  0  0  0  0
    1.5947   -0.0000    0.0000 C   0  0  0  0  0  0  0  0  0  0  0  0
    2.0072   -0.7145    0.0000 C   0  0  0  0  0  0  0  0  0  0  0  0
    2.8322   -0.7145    0.0000 N   0  0  0  0  0  0  0  0  0  0  0  0
    3.2447   -1.4289    0.0000 C   0  0  0  0  0  0  0  0  0  0  0  0
    2.8322   -2.1434    0.0000 C   0  0  0  0  0  0  0  0  0  0  0  0
    3.2447    0.0000    0.0000 C   0  0  0  0  0  0  0  0  0  0  0  0
    4.0697    0.0000    0.0000 C   0  0  0  0  0  0  0  0  0  0  0  0
  1  2  1  0      
  2  3  1  0      
  3  4  2  0      
  4  5  1  0      
  5  6  2  0      
  6  7  1  0      
  2  7  2  0      
  1  8  2  0      
  1  9  1  0      
 11 12  2  0      
 11 13  2  0      
 11 14  1  0      
 10 11  1  0      
  5 10  1  0      
 15 16  1  0      
 18 19  1  0      
 17 18  1  0      
 20 21  1  0      
 17 20  1  0      
 16 17  1  0      
  9 15  1  0      
M  END
