
  Mrv1652308021723372D          

 69 72  0  0  0  0            999 V2000
   -2.1439    4.2946    0.0000 C   0  0  0  0  0  0  0  0  0  0  0  0
   -2.1439    3.4697    0.0000 C   0  0  2  0  0  0  0  0  0  0  0  0
   -2.8583    4.7072    0.0000 C   0  0  0  0  0  0  0  0  0  0  0  0
   -2.8583    3.0571    0.0000 N   0  0  0  0  0  0  0  0  0  0  0  0
   -3.5729    4.2946    0.0000 C   0  0  0  0  0  0  0  0  0  0  0  0
   -3.5729    3.4697    0.0000 C   0  0  0  0  0  0  0  0  0  0  0  0
   -1.4291    3.0571    0.0000 C   0  0  0  0  0  0  0  0  0  0  0  0
   -1.4291    2.2321    0.0000 O   0  0  0  0  0  0  0  0  0  0  0  0
   -2.1439    1.8195    0.0000 O   0  0  0  0  0  0  0  0  0  0  0  0
   -2.8582    2.2321    0.0000 C   0  0  0  0  0  0  0  0  0  0  0  0
   -3.5728    1.8194    0.0000 C   0  0  0  0  0  0  0  0  0  0  0  0
   -4.2871    2.2319    0.0000 O   0  0  0  0  0  0  0  0  0  0  0  0
    0.0000    3.0571    0.0000 C   0  0  2  0  0  0  0  0  0  0  0  0
    0.0000    2.2321    0.0000 C   0  0  0  0  0  0  0  0  0  0  0  0
   -0.7148    3.4697    0.0000 O   0  0  0  0  0  0  0  0  0  0  0  0
    1.4288    3.0571    0.0000 C   0  0  0  0  0  0  0  0  0  0  0  0
    1.4288    2.2321    0.0000 O   0  0  0  0  0  0  0  0  0  0  0  0
    0.7144    3.4697    0.0000 C   0  0  1  0  0  0  0  0  0  0  0  0
    0.7144    1.8195    0.0000 C   0  0  0  0  0  0  0  0  0  0  0  0
    2.1435    4.2946    0.0000 C   0  0  0  0  0  0  0  0  0  0  0  0
    2.1435    3.4697    0.0000 C   0  0  2  0  0  0  0  0  0  0  0  0
    0.7145    4.2946    0.0000 C   0  0  0  0  0  0  0  0  0  0  0  0
    3.5727    4.2946    0.0000 C   0  0  1  0  0  0  0  0  0  0  0  0
    3.5727    3.4697    0.0000 C   0  0  1  0  0  0  0  0  0  0  0  0
    2.8580    4.7072    0.0000 C   0  0  0  0  0  0  0  0  0  0  0  0
    2.8580    3.0571    0.0000 C   0  0  0  0  0  0  0  0  0  0  0  0
   -2.8583    0.5820    0.0000 O   0  0  0  0  0  0  0  0  0  0  0  0
   -3.5728    0.9946    0.0000 C   0  0  2  0  0  0  0  0  0  0  0  0
   -2.8583   -0.2428    0.0000 C   0  0  1  0  0  0  0  0  0  0  0  0
   -3.5729   -0.6551    0.0000 C   0  0  0  0  0  0  0  0  0  0  0  0
   -4.2871    0.5821    0.0000 C   0  0  1  0  0  0  0  0  0  0  0  0
   -4.2873   -0.2426    0.0000 C   0  0  0  0  0  0  0  0  0  0  0  0
   -2.1439   -0.6553    0.0000 C   0  0  0  0  0  0  0  0  0  0  0  0
   -2.1439   -1.4805    0.0000 C   0  0  2  0  0  0  0  0  0  0  0  0
   -2.8583   -1.8930    0.0000 O   0  0  0  0  0  0  0  0  0  0  0  0
   -0.7148   -1.4805    0.0000 C   0  0  0  0  0  0  0  0  0  0  0  0
   -1.4294   -1.8930    0.0000 C   0  0  0  0  0  0  0  0  0  0  0  0
   -1.4294   -2.7180    0.0000 C   0  0  0  0  0  0  0  0  0  0  0  0
   -2.8583   -2.7178    0.0000 C   0  0  0  0  0  0  0  0  0  0  0  0
   -0.0011    3.9919    0.0000 H   0  0  0  0  0  0  0  0  0  0  0  0
   -5.0016    0.9948    0.0000 C   0  0  0  0  0  0  0  0  0  0  0  0
    0.7144    0.9944    0.0000 C   0  0  2  0  0  0  0  0  0  0  0  0
   -0.0002    0.5820    0.0000 C   0  0  0  0  0  0  0  0  0  0  0  0
    1.4288    0.5818    0.0000 C   0  0  0  0  0  0  0  0  0  0  0  0
    1.4288   -0.2431    0.0000 C   0  0  0  0  0  0  0  0  0  0  0  0
    0.7144   -0.6556    0.0000 C   0  0  0  0  0  0  0  0  0  0  0  0
    2.1434   -0.6556    0.0000 C   0  0  2  0  0  0  0  0  0  0  0  0
    2.1434   -1.4807    0.0000 C   0  0  1  0  0  0  0  0  0  0  0  0
    1.4287   -1.8931    0.0000 O   0  0  0  0  0  0  0  0  0  0  0  0
    2.8580   -0.2431    0.0000 O   0  0  0  0  0  0  0  0  0  0  0  0
    2.8579   -1.8931    0.0000 C   0  0  0  0  0  0  0  0  0  0  0  0
   -2.1934    0.2209    0.0000 H   0  0  0  0  0  0  0  0  0  0  0  0
   -0.7211   -3.1504    0.0000 C   0  0  0  0  0  0  0  0  0  0  0  0
   -0.7211   -4.1090    0.0000 C   0  0  0  0  0  0  0  0  0  0  0  0
    2.8579   -2.7182    0.0000 C   0  0  1  0  0  0  0  0  0  0  0  0
    2.1198   -3.1149    0.0000 C   0  0  0  0  0  0  0  0  0  0  0  0
    1.4288   -2.7180    0.0000 C   0  0  0  0  0  0  0  0  0  0  0  0
    3.5724   -1.4807    0.0000 O   0  0  0  0  0  0  0  0  0  0  0  0
   -0.0609   -4.4784    0.0000 C   0  0  0  0  0  0  0  0  0  0  0  0
    0.6540   -3.9833    0.0000 C   0  0  0  0  0  0  0  0  0  0  0  0
    1.5631   -3.9833    0.0000 C   0  0  1  0  0  0  0  0  0  0  0  0
    3.5772   -3.1032    0.0000 C   0  0  0  0  0  0  0  0  0  0  0  0
    2.1548    2.6720    0.0000 H   0  0  0  0  0  0  0  0  0  0  0  0
    4.2870    4.7072    0.0000 O   0  0  0  0  0  0  0  0  0  0  0  0
    4.2870    3.0571    0.0000 O   0  0  0  0  0  0  0  0  0  0  0  0
    5.0016    3.4696    0.0000 C   0  0  0  0  0  0  0  0  0  0  0  0
   -2.1433    2.6249    0.0000 H   0  0  0  0  0  0  0  0  0  0  0  0
   -2.9085    1.4050    0.0000 O   0  0  0  0  0  0  0  0  0  0  0  0
    1.9590   -4.7073    0.0000 C   0  0  0  0  0  0  0  0  0  0  0  0
  2  1  1  0  0  0  0
  3  1  1  0  0  0  0
  5  3  1  0  0  0  0
  6  5  1  0  0  0  0
  2  7  1  1  0  0  0
  4  2  1  0  0  0  0
  6  4  1  0  0  0  0
 10  4  1  0  0  0  0
 12 11  2  0  0  0  0
 15 13  1  0  0  0  0
  7 15  1  0  0  0  0
  8  7  2  0  0  0  0
 19 17  2  0  0  0  0
 13 18  1  0  0  0  0
 14 13  1  0  0  0  0
 16 21  1  0  0  0  0
 18 16  1  0  0  0  0
 18 22  1  6  0  0  0
 24 23  1  0  0  0  0
 25 23  1  0  0  0  0
 26 24  1  0  0  0  0
 20 25  1  0  0  0  0
 21 26  1  0  0  0  0
 21 20  1  0  0  0  0
 10  9  2  0  0  0  0
 11 10  1  0  0  0  0
 28 11  1  0  0  0  0
 29 27  1  6  0  0  0
 28 27  1  6  0  0  0
 31 28  1  0  0  0  0
 32 30  1  0  0  0  0
 32 31  1  0  0  0  0
 29 33  1  0  0  0  0
 30 29  1  0  0  0  0
 37 36  1  0  0  0  0
 34 33  1  0  0  0  0
 38 37  2  0  0  0  0
 34 37  1  0  0  0  0
 34 35  1  1  0  0  0
 39 35  1  0  0  0  0
 13 40  1  1  0  0  0
 31 41  1  1  0  0  0
 42 19  1  0  0  0  0
 14 19  1  0  0  0  0
 45 44  2  0  0  0  0
 42 44  1  0  0  0  0
 42 43  1  1  0  0  0
 48 47  1  0  0  0  0
 45 47  1  0  0  0  0
 46 45  1  0  0  0  0
 47 50  1  1  0  0  0
 48 51  1  0  0  0  0
 29 52  1  1  0  0  0
 53 38  1  0  0  0  0
 54 53  2  0  0  0  0
 55 51  1  0  0  0  0
 56 55  1  0  0  0  0
 48 49  1  6  0  0  0
 57 49  1  0  0  0  0
 58 51  2  0  0  0  0
 59 54  1  0  0  0  0
 60 59  2  0  0  0  0
 61 60  1  0  0  0  0
 56 61  1  0  0  0  0
 55 62  1  6  0  0  0
 21 63  1  1  0  0  0
 23 64  1  1  0  0  0
 24 65  1  6  0  0  0
 66 65  1  0  0  0  0
  2 67  1  6  0  0  0
 28 68  1  1  0  0  0
 61 69  1  6  0  0  0
M  END
