
  Mrv1718011051812352D          

 17 18  0  0  0  0            999 V2000
   -0.6340   -0.5232    0.0000 C   0  0  0  0  0  0  0  0  0  0  0  0
   -0.6340   -1.3482    0.0000 C   0  0  0  0  0  0  0  0  0  0  0  0
   -1.3484   -1.7608    0.0000 C   0  0  0  0  0  0  0  0  0  0  0  0
   -2.0629   -1.3482    0.0000 C   0  0  0  0  0  0  0  0  0  0  0  0
   -2.0629   -0.5232    0.0000 C   0  0  0  0  0  0  0  0  0  0  0  0
   -1.3484   -0.1107    0.0000 C   0  0  0  0  0  0  0  0  0  0  0  0
    0.0804   -0.1107    0.0000 S   0  0  0  0  0  0  0  0  0  0  0  0
   -2.7774   -1.7608    0.0000 N   0  0  0  0  0  0  0  0  0  0  0  0
    0.7950   -0.5232    0.0000 N   0  0  0  0  0  0  0  0  0  0  0  0
    1.5104   -0.1105    0.0000 C   0  0  0  0  0  0  0  0  0  0  0  0
   -0.3320    0.6037    0.0000 O   0  0  0  0  0  0  0  0  0  0  0  0
    0.4930    0.6037    0.0000 O   0  0  0  0  0  0  0  0  0  0  0  0
    1.5050    0.7144    0.0000 C   0  0  0  0  0  0  0  0  0  0  0  0
    2.2967   -0.3603    0.0000 N   0  0  0  0  0  0  0  0  0  0  0  0
    2.2879    0.9745    0.0000 C   0  0  0  0  0  0  0  0  0  0  0  0
    2.7774    0.3103    0.0000 O   0  0  0  0  0  0  0  0  0  0  0  0
    2.5378    1.7608    0.0000 C   0  0  0  0  0  0  0  0  0  0  0  0
  1  2  1  0  0  0  0
  2  3  2  0  0  0  0
  3  4  1  0  0  0  0
  4  5  2  0  0  0  0
  5  6  1  0  0  0  0
  6  1  2  0  0  0  0
  1  7  1  0  0  0  0
  4  8  1  0  0  0  0
  9 10  1  0  0  0  0
  9  7  1  0  0  0  0
 11  7  2  0  0  0  0
 12  7  2  0  0  0  0
 13 10  1  0  0  0  0
 14 10  2  0  0  0  0
 15 13  2  0  0  0  0
 16 14  1  0  0  0  0
 16 15  1  0  0  0  0
 15 17  1  0  0  0  0
M  END
