382
  Mrv0541 02231214382D          

 15 17  0  0  0  0            999 V2000
    3.6958   -1.2972    0.0000 N   0  0  0  0  0  0  0  0  0  0  0  0
    3.6958    1.0790    0.0000 N   0  0  0  0  0  0  0  0  0  0  0  0
    1.5842   -0.0926    0.0000 C   0  0  0  0  0  0  0  0  0  0  0  0
    2.3019    0.3145    0.0000 C   0  0  0  0  0  0  0  0  0  0  0  0
    1.5842   -0.9176    0.0000 C   0  0  0  0  0  0  0  0  0  0  0  0
    3.0099   -0.1091    0.0000 C   0  0  0  0  0  0  0  0  0  0  0  0
    2.3019   -1.3246    0.0000 C   0  0  0  0  0  0  0  0  0  0  0  0
    3.0099   -0.9011    0.0000 C   0  0  0  0  0  0  0  0  0  0  0  0
    3.6958    0.2870    0.0000 C   0  0  0  0  0  0  0  0  0  0  0  0
    4.3819   -0.1091    0.0000 C   0  0  0  0  0  0  0  0  0  0  0  0
    4.3819   -0.9011    0.0000 C   0  0  0  0  0  0  0  0  0  0  0  0
    5.0899    0.3145    0.0000 C   0  0  0  0  0  0  0  0  0  0  0  0
    5.0899   -1.3246    0.0000 C   0  0  0  0  0  0  0  0  0  0  0  0
    5.8076   -0.0926    0.0000 C   0  0  0  0  0  0  0  0  0  0  0  0
    5.8076   -0.9176    0.0000 C   0  0  0  0  0  0  0  0  0  0  0  0
  1  8  2  0  0  0  0
  1 11  1  0  0  0  0
  2  9  1  0  0  0  0
  3  4  1  0  0  0  0
  3  5  1  0  0  0  0
  4  6  1  0  0  0  0
  5  7  1  0  0  0  0
  6  8  1  0  0  0  0
  6  9  2  0  0  0  0
  7  8  1  0  0  0  0
  9 10  1  0  0  0  0
 10 11  1  0  0  0  0
 10 12  2  0  0  0  0
 11 13  2  0  0  0  0
 12 14  1  0  0  0  0
 13 15  1  0  0  0  0
 14 15  2  0  0  0  0
M  END
