80880-77-9.mol
  ChemDraw08051010012D

 26 29  0  0  0  0  0  0  0  0999 V2000
    0.9935    0.1236    0.0000 N   0  0  0  0  0  0  0  0  0  0  0  0
    1.3514    0.8669    0.0000 C   0  0  0  0  0  0  0  0  0  0  0  0
    1.3514   -0.6197    0.0000 C   0  0  0  0  0  0  0  0  0  0  0  0
    0.1685    0.1236    0.0000 C   0  0  0  0  0  0  0  0  0  0  0  0
    2.1557    1.0505    0.0000 C   0  0  0  0  0  0  0  0  0  0  0  0
    0.9283    1.5751    0.0000 C   0  0  0  0  0  0  0  0  0  0  0  0
    2.1557   -0.8033    0.0000 C   0  0  0  0  0  0  0  0  0  0  0  0
    0.7903   -1.2245    0.0000 C   0  0  0  0  0  0  0  0  0  0  0  0
   -0.2440   -0.5909    0.0000 C   0  0  0  0  0  0  0  0  0  0  0  0
   -0.2440    0.8381    0.0000 O   0  0  0  0  0  0  0  0  0  0  0  0
    2.8008    0.5361    0.0000 C   0  0  0  0  0  0  0  0  0  0  0  0
    2.2297    1.8722    0.0000 C   0  0  0  0  0  0  0  0  0  0  0  0
    1.4711    2.1964    0.0000 S   0  0  0  0  0  0  0  0  0  0  0  0
    0.1066    1.6491    0.0000 C   0  0  0  0  0  0  0  0  0  0  0  0
    2.8008   -0.2889    0.0000 N   0  0  0  0  0  0  0  0  0  0  0  0
    2.3989   -1.5916    0.0000 C   0  0  0  0  0  0  0  0  0  0  0  0
    1.0334   -2.0128    0.0000 C   0  0  0  0  0  0  0  0  0  0  0  0
   -1.0690   -0.5909    0.0000 N   0  0  0  0  0  0  0  0  0  0  0  0
    3.5440    0.8941    0.0000 O   0  0  0  0  0  0  0  0  0  0  0  0
    1.8378   -2.1964    0.0000 C   0  0  0  0  0  0  0  0  0  0  0  0
   -1.4815   -1.3053    0.0000 C   0  0  0  0  0  0  0  0  0  0  0  0
   -1.4815    0.1236    0.0000 C   0  0  0  0  0  0  0  0  0  0  0  0
   -2.3065   -1.3053    0.0000 C   0  0  0  0  0  0  0  0  0  0  0  0
   -2.3065    0.1236    0.0000 C   0  0  0  0  0  0  0  0  0  0  0  0
   -2.7190   -0.5909    0.0000 N   0  0  0  0  0  0  0  0  0  0  0  0
   -3.5440   -0.5909    0.0000 C   0  0  0  0  0  0  0  0  0  0  0  0
  1  2  1  0      
  1  3  1  0      
  1  4  1  0      
  2  5  1  0      
  2  6  2  0      
  3  7  2  0      
  3  8  1  0      
  4  9  1  0      
  4 10  2  0      
  5 11  1  0      
  5 12  2  0      
  6 13  1  0      
  6 14  1  0      
  7 15  1  0      
  7 16  1  0      
  8 17  2  0      
  9 18  1  0      
 11 19  2  0      
 11 15  1  0      
 12 13  1  0      
 16 20  2  0      
 17 20  1  0      
 18 21  1  0      
 18 22  1  0      
 21 23  1  0      
 22 24  1  0      
 23 25  1  0      
 24 25  1  0      
 25 26  1  0      
M  END
