
  Mrv1909 02012020182D          

 27 30  0  0  0  0            999 V2000
   -2.5240   -0.6023    0.0000 C   0  0  0  0  0  0  0  0  0  0  0  0
   -2.5240    0.2007    0.0000 C   0  0  0  0  0  0  0  0  0  0  0  0
   -1.8141    0.6164    0.0000 C   0  0  0  0  0  0  0  0  0  0  0  0
   -1.8141    1.4382    0.0000 C   0  0  0  0  0  0  0  0  0  0  0  0
   -2.5240    1.8491    0.0000 C   0  0  0  0  0  0  0  0  0  0  0  0
   -3.2524    1.4475    0.0000 C   0  0  0  0  0  0  0  0  0  0  0  0
   -3.2524    0.6164    0.0000 C   0  0  0  0  0  0  0  0  0  0  0  0
   -3.9107   -0.0233    0.0000 N   0  0  0  0  0  0  0  0  0  0  0  0
   -3.4484   -0.8357    0.0000 C   0  0  0  0  0  0  0  0  0  0  0  0
   -1.1184    0.1821    0.0000 C   0  0  2  0  0  0  0  0  0  0  0  0
   -1.1184   -0.6023    0.0000 C   0  0  1  0  0  0  0  0  0  0  0  0
   -1.8327   -1.0319    0.0000 C   0  0  0  0  0  0  0  0  0  0  0  0
   -0.3993   -1.0319    0.0000 N   0  0  0  0  0  0  0  0  0  0  0  0
    0.3150   -0.6491    0.0000 C   0  0  0  0  0  0  0  0  0  0  0  0
    0.3150    0.1775    0.0000 C   0  0  1  0  0  0  0  0  0  0  0  0
    1.0250    0.5978    0.0000 N   0  0  0  0  0  0  0  0  0  0  0  0
    1.7345    0.1775    0.0000 C   0  0  0  0  0  0  0  0  0  0  0  0
    2.4630    0.5837    0.0000 N   0  0  0  0  0  0  0  0  0  0  0  0
    2.4630    1.4148    0.0000 C   0  0  0  0  0  0  0  0  0  0  0  0
    3.1868    1.7978    0.0000 C   0  0  0  0  0  0  0  0  0  0  0  0
    3.1774    0.1680    0.0000 C   0  0  0  0  0  0  0  0  0  0  0  0
    3.9107    0.5042    0.0000 C   0  0  0  0  0  0  0  0  0  0  0  0
    1.7345   -0.6351    0.0000 O   0  0  0  0  0  0  0  0  0  0  0  0
   -0.3899    0.6070    0.0000 C   0  0  0  0  0  0  0  0  0  0  0  0
   -0.3993   -1.8491    0.0000 C   0  0  0  0  0  0  0  0  0  0  0  0
   -1.1184   -1.4568    0.0000 H   0  0  0  0  0  0  0  0  0  0  0  0
   -1.1184    1.0365    0.0000 H   0  0  0  0  0  0  0  0  0  0  0  0
  2  1  1  0  0  0  0
  3  2  2  0  0  0  0
  4  3  1  0  0  0  0
  5  4  2  0  0  0  0
  5  6  1  0  0  0  0
  6  7  2  0  0  0  0
  7  2  1  0  0  0  0
  7  8  1  0  0  0  0
  8  9  1  0  0  0  0
  9  1  2  0  0  0  0
  3 10  1  0  0  0  0
 10 11  1  0  0  0  0
 11 12  1  0  0  0  0
 12  1  1  0  0  0  0
 13 11  1  0  0  0  0
 14 13  1  0  0  0  0
 14 15  1  0  0  0  0
 15 16  1  6  0  0  0
 17 16  1  0  0  0  0
 18 17  1  0  0  0  0
 19 18  1  0  0  0  0
 20 19  1  0  0  0  0
 21 18  1  0  0  0  0
 22 21  1  0  0  0  0
 23 17  2  0  0  0  0
 15 24  1  0  0  0  0
 24 10  1  0  0  0  0
 25 13  1  0  0  0  0
 11 26  1  1  0  0  0
 10 27  1  6  0  0  0
M  END
