
  Mrv0541 02231218162D          

 28 29  0  0  1  0            999 V2000
    7.3659    4.1804    0.0000 S   0  0  0  0  0  0  0  0  0  0  0  0
    3.7935   -3.6573    0.0000 O   0  0  0  0  0  0  0  0  0  0  0  0
    5.9370   -0.7697    0.0000 O   0  0  0  0  0  0  0  0  0  0  0  0
    6.6515    3.7679    0.0000 O   0  0  0  0  0  0  0  0  0  0  0  0
    2.3645   -4.4823    0.0000 O   0  0  0  0  0  0  0  0  0  0  0  0
    1.6500   -3.2448    0.0000 O   0  0  0  0  0  0  0  0  0  0  0  0
    6.9534    4.8948    0.0000 O   0  0  0  0  0  0  0  0  0  0  0  0
    7.7784    3.4659    0.0000 O   0  0  0  0  0  0  0  0  0  0  0  0
    3.0791   -2.4198    0.0000 C   0  0  0  0  0  0  0  0  0  0  0  0
    3.0791   -3.2448    0.0000 C   0  0  1  0  0  0  0  0  0  0  0  0
    3.7935   -2.0073    0.0000 C   0  0  0  0  0  0  0  0  0  0  0  0
    6.6515    0.4678    0.0000 C   0  0  0  0  0  0  0  0  0  0  0  0
    5.9370    0.0553    0.0000 C   0  0  0  0  0  0  0  0  0  0  0  0
    3.7935   -1.1823    0.0000 C   0  0  0  0  0  0  0  0  0  0  0  0
    4.5080   -2.4198    0.0000 C   0  0  0  0  0  0  0  0  0  0  0  0
    6.6515    1.2928    0.0000 C   0  0  0  0  0  0  0  0  0  0  0  0
    5.2224   -1.1823    0.0000 C   0  0  0  0  0  0  0  0  0  0  0  0
    4.5080   -0.7697    0.0000 C   0  0  0  0  0  0  0  0  0  0  0  0
    5.2224   -2.0073    0.0000 C   0  0  0  0  0  0  0  0  0  0  0  0
    2.3645   -3.6573    0.0000 C   0  0  0  0  0  0  0  0  0  0  0  0
    5.9370    1.7053    0.0000 C   0  0  0  0  0  0  0  0  0  0  0  0
    7.3659    1.7053    0.0000 C   0  0  0  0  0  0  0  0  0  0  0  0
    3.7935   -4.4823    0.0000 C   0  0  0  0  0  0  0  0  0  0  0  0
    6.6515    2.9428    0.0000 C   0  0  0  0  0  0  0  0  0  0  0  0
    5.9370    2.5303    0.0000 C   0  0  0  0  0  0  0  0  0  0  0  0
    7.3659    2.5303    0.0000 C   0  0  0  0  0  0  0  0  0  0  0  0
    4.5080   -4.8948    0.0000 C   0  0  0  0  0  0  0  0  0  0  0  0
    8.0804    4.5929    0.0000 C   0  0  0  0  0  0  0  0  0  0  0  0
  1  4  1  0  0  0  0
  1  7  2  0  0  0  0
  1  8  2  0  0  0  0
  1 28  1  0  0  0  0
 10  2  1  6  0  0  0
  2 23  1  0  0  0  0
  3 13  1  0  0  0  0
  3 17  1  0  0  0  0
  4 24  1  0  0  0  0
  5 20  1  0  0  0  0
  6 20  2  0  0  0  0
  9 10  1  0  0  0  0
  9 11  1  0  0  0  0
 10 20  1  0  0  0  0
 11 14  2  0  0  0  0
 11 15  1  0  0  0  0
 12 13  1  0  0  0  0
 12 16  1  0  0  0  0
 14 18  1  0  0  0  0
 15 19  2  0  0  0  0
 16 21  2  0  0  0  0
 16 22  1  0  0  0  0
 17 18  2  0  0  0  0
 17 19  1  0  0  0  0
 21 25  1  0  0  0  0
 22 26  2  0  0  0  0
 23 27  1  0  0  0  0
 24 25  2  0  0  0  0
 24 26  1  0  0  0  0
M  END
