
  Mrv1909 10301918402D          

 44 47  0  0  0  0            999 V2000
    3.2354    1.0389    0.0000 C   0  0  0  0  0  0  0  0  0  0  0  0
    3.9383    0.6112    0.0000 C   0  0  0  0  0  0  0  0  0  0  0  0
    3.9383   -0.2138    0.0000 C   0  0  0  0  0  0  0  0  0  0  0  0
    3.2354   -0.6112    0.0000 C   0  0  2  0  0  0  0  0  0  0  0  0
    2.5021   -0.2138    0.0000 C   0  0  2  0  0  0  0  0  0  0  0  0
    1.7992   -0.6112    0.0000 C   0  0  0  0  0  0  0  0  0  0  0  0
    1.0658   -0.2138    0.0000 C   0  0  2  0  0  0  0  0  0  0  0  0
    0.3629   -0.6112    0.0000 C   0  0  0  0  0  0  0  0  0  0  0  0
   -0.3703   -0.2138    0.0000 C   0  0  0  0  0  0  0  0  0  0  0  0
   -1.0732   -0.6112    0.0000 C   0  0  0  0  0  0  0  0  0  0  0  0
   -1.8065   -0.2138    0.0000 C   0  0  0  0  0  0  0  0  0  0  0  0
   -1.8065    0.6112    0.0000 C   0  0  0  0  0  0  0  0  0  0  0  0
   -1.0732    1.0389    0.0000 C   0  0  0  0  0  0  0  0  0  0  0  0
   -0.3703    0.6112    0.0000 C   0  0  0  0  0  0  0  0  0  0  0  0
    0.3629    1.0389    0.0000 C   0  0  0  0  0  0  0  0  0  0  0  0
    1.0658    0.6112    0.0000 C   0  0  0  0  0  0  0  0  0  0  0  0
    1.7992    1.0389    0.0000 C   0  0  0  0  0  0  0  0  0  0  0  0
    2.5021    0.6112    0.0000 C   0  0  2  0  0  0  0  0  0  0  0  0
    4.6716    1.0389    0.0000 C   0  0  0  0  0  0  0  0  0  0  0  0
    4.6716    1.8640    0.0000 O   0  0  0  0  0  0  0  0  0  0  0  0
    5.3744    0.6112    0.0000 N   0  0  0  0  0  0  0  0  0  0  0  0
    0.3629    1.8640    0.0000 O   0  0  0  0  0  0  0  0  0  0  0  0
    3.2354    1.8640    0.0000 O   0  0  0  0  0  0  0  0  0  0  0  0
    2.5021    1.4362    0.0000 O   0  0  0  0  0  0  0  0  0  0  0  0
    1.7992    1.8640    0.0000 O   0  0  0  0  0  0  0  0  0  0  0  0
   -1.0732    1.8640    0.0000 O   0  0  0  0  0  0  0  0  0  0  0  0
    4.6716   -0.6112    0.0000 O   0  0  0  0  0  0  0  0  0  0  0  0
   -2.5094    1.0389    0.0000 N   0  0  0  0  0  0  0  0  0  0  0  0
   -1.0732   -1.4669    0.0000 N   0  0  0  0  0  0  0  0  0  0  0  0
   -1.8065   -1.8640    0.0000 C   0  0  0  0  0  0  0  0  0  0  0  0
   -0.3703   -1.8640    0.0000 C   0  0  0  0  0  0  0  0  0  0  0  0
    3.2354   -1.4669    0.0000 N   0  0  0  0  0  0  0  0  0  0  0  0
    3.9383   -1.8640    0.0000 C   0  0  0  0  0  0  0  0  0  0  0  0
    2.5021   -1.8640    0.0000 C   0  0  0  0  0  0  0  0  0  0  0  0
    2.5021   -1.0389    0.0000 H   0  0  0  0  0  0  0  0  0  0  0  0
    1.0658   -1.0389    0.0000 H   0  0  0  0  0  0  0  0  0  0  0  0
   -3.2285    0.6250    0.0000 C   0  0  0  0  0  0  0  0  0  0  0  0
   -3.9425    1.0386    0.0000 C   0  0  0  0  0  0  0  0  0  0  0  0
   -3.2297   -0.2000    0.0000 O   0  0  0  0  0  0  0  0  0  0  0  0
   -4.6600    0.6250    0.0000 N   0  0  0  0  0  0  0  0  0  0  0  0
   -4.6600   -0.2000    0.0000 C   0  0  0  0  0  0  0  0  0  0  0  0
   -5.3744   -0.6125    0.0000 C   0  0  0  0  0  0  0  0  0  0  0  0
   -3.9455   -0.6125    0.0000 C   0  0  0  0  0  0  0  0  0  0  0  0
   -4.6600   -1.0250    0.0000 C   0  0  0  0  0  0  0  0  0  0  0  0
  2  1  1  0  0  0  0
 18  1  1  0  0  0  0
 23  1  2  0  0  0  0
  3  2  2  0  0  0  0
 19  2  1  0  0  0  0
  4  3  1  0  0  0  0
 27  3  1  0  0  0  0
  5  4  1  0  0  0  0
  4 32  1  1  0  0  0
  6  5  1  0  0  0  0
 18  5  1  0  0  0  0
  5 35  1  1  0  0  0
  7  6  1  0  0  0  0
  8  7  1  0  0  0  0
 16  7  1  0  0  0  0
  7 36  1  1  0  0  0
  9  8  1  0  0  0  0
 10  9  1  0  0  0  0
 14  9  2  0  0  0  0
 11 10  2  0  0  0  0
 29 10  1  0  0  0  0
 12 11  1  0  0  0  0
 13 12  2  0  0  0  0
 28 12  1  0  0  0  0
 14 13  1  0  0  0  0
 26 13  1  0  0  0  0
 15 14  1  0  0  0  0
 16 15  1  0  0  0  0
 22 15  2  0  0  0  0
 17 16  2  0  0  0  0
 18 17  1  0  0  0  0
 25 17  1  0  0  0  0
 18 24  1  1  0  0  0
 20 19  2  0  0  0  0
 21 19  1  0  0  0  0
 30 29  1  0  0  0  0
 31 29  1  0  0  0  0
 33 32  1  0  0  0  0
 34 32  1  0  0  0  0
 28 37  1  0  0  0  0
 37 38  1  0  0  0  0
 37 39  2  0  0  0  0
 38 40  1  0  0  0  0
 40 41  1  0  0  0  0
 41 42  1  0  0  0  0
 41 43  1  0  0  0  0
 41 44  1  0  0  0  0
M  END
