
  Mrv1652306031607242D          

 21 22  0  0  1  0            999 V2000
    5.4913    1.7587    0.0000 C   0  0  0  0  0  0  0  0  0  0  0  0
    4.6788    2.4750    0.0000 C   0  0  0  0  0  0  0  0  0  0  0  0
    4.4307    3.8822    0.0000 C   0  0  0  0  0  0  0  0  0  0  0  0
    4.9610    1.1267    0.0000 C   0  0  0  0  0  0  0  0  0  0  0  0
    3.0539   -0.2865    0.0000 C   0  0  0  0  0  0  0  0  0  0  0  0
    3.7683    0.1260    0.0000 C   0  0  0  0  0  0  0  0  0  0  0  0
    2.3394    0.1260    0.0000 C   0  0  0  0  0  0  0  0  0  0  0  0
    1.9933    3.4525    0.0000 C   0  0  0  0  0  0  0  0  0  0  0  0
    1.7111    2.6772    0.0000 C   0  0  0  0  0  0  0  0  0  0  0  0
    3.7683    0.9510    0.0000 C   0  0  0  0  0  0  0  0  0  0  0  0
    2.3394    0.9510    0.0000 C   0  0  0  0  0  0  0  0  0  0  0  0
    2.8057    3.5957    0.0000 C   0  0  0  0  0  0  0  0  0  0  0  0
    2.2414    2.0452    0.0000 C   0  0  0  0  0  0  0  0  0  0  0  0
    3.0539    1.3635    0.0000 C   0  0  0  0  0  0  0  0  0  0  0  0
    3.3360    2.9637    0.0000 C   0  0  2  0  0  0  0  0  0  0  0  0
    3.8663    2.0452    0.0000 C   0  0  0  0  0  0  0  0  0  0  0  0
    3.0539    2.1885    0.0000 C   0  0  2  0  0  0  0  0  0  0  0  0
    4.1485    3.1070    0.0000 N   0  0  0  0  0  0  0  0  0  0  0  0
    4.6893    1.9877    0.0000 O   0  0  0  0  0  0  0  0  0  0  0  0
    4.1485    1.2700    0.0000 O   0  0  0  0  0  0  0  0  0  0  0  0
    3.8663    2.3317    0.0000 H   0  0  0  0  0  0  0  0  0  0  0  0
  4  1  1  0  0  0  0
  6  5  2  0  0  0  0
  7  5  1  0  0  0  0
  9  8  1  0  0  0  0
 10  6  1  0  0  0  0
 11  7  2  0  0  0  0
 12  8  2  0  0  0  0
 13  9  1  0  0  0  0
 14 10  2  0  0  0  0
 14 11  1  0  0  0  0
 15 12  1  0  0  0  0
 17 13  1  0  0  0  0
 17 14  1  1  0  0  0
 17 15  1  0  0  0  0
 17 16  1  6  0  0  0
 18  2  1  0  0  0  0
 18  3  1  0  0  0  0
 15 18  1  1  0  0  0
 19 16  2  0  0  0  0
 20  4  1  0  0  0  0
 20 16  1  0  0  0  0
 15 21  1  6  0  0  0
M  END
