
  Mrv1909 01032022342D          

 10  9  0  0  0  0            999 V2000
   -2.1420   -0.2066    0.0000 C   0  0  0  0  0  0  0  0  0  0  0  0
   -1.4280    0.2066    0.0000 C   0  0  0  0  0  0  0  0  0  0  0  0
   -0.7139   -0.2066    0.0000 C   0  0  0  0  0  0  0  0  0  0  0  0
    0.0000    0.2066    0.0000 N   0  0  0  0  0  0  0  0  0  0  0  0
    0.7139   -0.2066    0.0000 C   0  0  0  0  0  0  0  0  0  0  0  0
    1.4280    0.2066    0.0000 C   0  0  0  0  0  0  0  0  0  0  0  0
    2.1420   -0.2066    0.0000 O   0  0  0  0  0  0  0  0  0  0  0  0
   -1.4280    1.0334    0.0000 S   0  0  0  0  0  0  0  0  0  0  0  0
   -0.7139   -1.0334    0.0000 O   0  0  0  0  0  0  0  0  0  0  0  0
    1.4280    1.0334    0.0000 O   0  0  0  0  0  0  0  0  0  0  0  0
  2  3  1  0  0  0  0
  5  6  1  0  0  0  0
  1  2  1  0  0  0  0
  6  7  1  0  0  0  0
  3  4  1  0  0  0  0
  2  8  1  0  0  0  0
  3  9  2  0  0  0  0
  4  5  1  0  0  0  0
  6 10  2  0  0  0  0
M  END
