38451-93-3.mol
  ChemDraw08031018382D

 14 14  0  0  0  0  0  0  0  0999 V2000
    0.7337   -0.4164    0.0000 C   0  0  0  0  0  0  0  0  0  0  0  0
    0.7337    0.4164    0.0000 C   0  0  0  0  0  0  0  0  0  0  0  0
    0.0179   -0.8170    0.0000 C   0  0  0  0  0  0  0  0  0  0  0  0
    1.4298   -0.8269    0.0000 S   0  0  0  0  0  0  0  0  0  0  0  0
    0.0278    0.8170    0.0000 C   0  0  0  0  0  0  0  0  0  0  0  0
    1.4397    0.8170    0.0000 C   0  0  0  0  0  0  0  0  0  0  0  0
   -0.7000   -0.3946    0.0000 C   0  0  0  0  0  0  0  0  0  0  0  0
    1.4198   -1.6518    0.0000 C   0  0  0  0  0  0  0  0  0  0  0  0
    2.1496   -0.4045    0.0000 O   0  0  0  0  0  0  0  0  0  0  0  0
   -0.7000    0.4164    0.0000 C   0  0  0  0  0  0  0  0  0  0  0  0
   -1.4397   -0.7952    0.0000 O   0  0  0  0  0  0  0  0  0  0  0  0
   -1.4079    0.8388    0.0000 O   0  0  0  0  0  0  0  0  0  0  0  0
   -2.1496   -0.3629    0.0000 C   0  0  0  0  0  0  0  0  0  0  0  0
   -1.4178    1.6518    0.0000 C   0  0  0  0  0  0  0  0  0  0  0  0
  1  2  2  0      
  1  3  1  0      
  1  4  1  0      
  2  5  1  0      
  2  6  1  0      
  3  7  2  0      
  4  8  1  0      
  4  9  2  0      
  5 10  2  0      
  7 11  1  0      
  7 10  1  0      
 10 12  1  0      
 11 13  1  0      
 12 14  1  0      
M  END
