
  Mrv1652310201622392D          

 16 15  0  0  1  0            999 V2000
    1.6500   -2.8579    0.0000 C   0  0  0  0  0  0  0  0  0  0  0  0
    1.2375   -2.1434    0.0000 S   0  0  0  0  0  0  0  0  0  0  0  0
    1.9520   -1.7309    0.0000 O   0  0  0  0  0  0  0  0  0  0  0  0
    0.5230   -2.5559    0.0000 O   0  0  0  0  0  0  0  0  0  0  0  0
    0.8250   -1.4289    0.0000 O   0  0  0  0  0  0  0  0  0  0  0  0
    1.2375   -0.7145    0.0000 C   0  0  0  0  0  0  0  0  0  0  0  0
    0.8250    0.0000    0.0000 C   0  0  1  0  0  0  0  0  0  0  0  0
    1.2375    0.7145    0.0000 C   0  0  2  0  0  0  0  0  0  0  0  0
    0.8250    1.4289    0.0000 C   0  0  0  0  0  0  0  0  0  0  0  0
    1.2375    2.1434    0.0000 O   0  0  0  0  0  0  0  0  0  0  0  0
    0.8250    2.8579    0.0000 S   0  0  0  0  0  0  0  0  0  0  0  0
    0.4125    3.5724    0.0000 O   0  0  0  0  0  0  0  0  0  0  0  0
    1.5395    3.2704    0.0000 O   0  0  0  0  0  0  0  0  0  0  0  0
    0.1105    2.4454    0.0000 C   0  0  0  0  0  0  0  0  0  0  0  0
    2.0625    0.7145    0.0000 O   0  0  0  0  0  0  0  0  0  0  0  0
    0.0000    0.0000    0.0000 O   0  0  0  0  0  0  0  0  0  0  0  0
  1  2  1  0  0  0  0
  2  3  2  0  0  0  0
  2  4  2  0  0  0  0
  2  5  1  0  0  0  0
  5  6  1  0  0  0  0
  6  7  1  0  0  0  0
  7  8  1  0  0  0  0
  8  9  1  0  0  0  0
  9 10  1  0  0  0  0
 10 11  1  0  0  0  0
 11 12  2  0  0  0  0
 11 13  2  0  0  0  0
 11 14  1  0  0  0  0
  8 15  1  6  0  0  0
  7 16  1  6  0  0  0
M  END
