
  Mrv1572010191516332D          

 31 33  0  0  0  0            999 V2000
   -0.7962   -0.2298    0.0000 C   0  0  0  0  0  0  0  0  0  0  0  0
   -0.7962   -1.0478    0.0000 N   0  0  0  0  0  0  0  0  0  0  0  0
   -2.2336   -0.2298    0.0000 C   0  0  0  0  0  0  0  0  0  0  0  0
   -2.2336   -1.0478    0.0000 C   0  0  0  0  0  0  0  0  0  0  0  0
   -1.5173    0.1863    0.0000 N   0  0  0  0  0  0  0  0  0  0  0  0
   -1.5173   -1.4495    0.0000 C   0  0  0  0  0  0  0  0  0  0  0  0
   -2.9596    0.1863    0.0000 C   0  0  0  0  0  0  0  0  0  0  0  0
   -3.6807   -0.2298    0.0000 C   0  0  0  0  0  0  0  0  0  0  0  0
   -0.0798    0.2008    0.0000 N   0  0  0  0  0  0  0  0  0  0  0  0
    2.0400    1.4640    0.0000 C   0  0  0  0  0  0  0  0  0  0  0  0
    1.3285    1.0430    0.0000 N   0  0  0  0  0  0  0  0  0  0  0  0
   -2.9596   -1.4495    0.0000 C   0  0  0  0  0  0  0  0  0  0  0  0
   -3.6807   -1.0478    0.0000 C   0  0  0  0  0  0  0  0  0  0  0  0
    2.7611    1.0769    0.0000 O   0  0  0  0  0  0  0  0  0  0  0  0
    0.6461   -0.2008    0.0000 C   0  0  0  0  0  0  0  0  0  0  0  0
   -0.0943    1.0284    0.0000 C   0  0  0  0  0  0  0  0  0  0  0  0
    1.3430    0.2056    0.0000 C   0  0  0  0  0  0  0  0  0  0  0  0
    0.6121    1.4398    0.0000 C   0  0  0  0  0  0  0  0  0  0  0  0
    2.0496    2.2674    0.0000 O   0  0  0  0  0  0  0  0  0  0  0  0
   -1.5173   -2.2674    0.0000 N   0  0  0  0  0  0  0  0  0  0  0  0
    4.2034    1.0913    0.0000 C   0  0  0  0  0  0  0  0  0  0  0  0
   -2.9596    1.0139    0.0000 O   0  0  0  0  0  0  0  0  0  0  0  0
   -4.4115    0.2202    0.0000 O   0  0  0  0  0  0  0  0  0  0  0  0
    3.4629    1.4931    0.0000 C   0  0  0  0  0  0  0  0  0  0  0  0
   -4.3971   -1.4495    0.0000 O   0  0  0  0  0  0  0  0  0  0  0  0
    4.2034    0.2879    0.0000 O   0  0  0  0  0  0  0  0  0  0  0  0
    5.1036    0.8977    0.0000 C   0  0  0  0  0  0  0  0  0  0  0  0
    4.9148    1.5076    0.0000 C   0  0  0  0  0  0  0  0  0  0  0  0
   -3.6661    1.4398    0.0000 C   0  0  0  0  0  0  0  0  0  0  0  0
   -5.1036   -0.2056    0.0000 C   0  0  0  0  0  0  0  0  0  0  0  0
   -5.1036   -1.0478    0.0000 C   0  0  0  0  0  0  0  0  0  0  0  0
  2  1  1  0  0  0  0
  3  5  1  0  0  0  0
  4  3  2  0  0  0  0
  5  1  2  0  0  0  0
  6  2  2  0  0  0  0
  7  3  1  0  0  0  0
  8  7  2  0  0  0  0
  9  1  1  0  0  0  0
 10 11  1  0  0  0  0
 11 18  1  0  0  0  0
 12  4  1  0  0  0  0
 13  8  1  0  0  0  0
 14 10  1  0  0  0  0
 15  9  1  0  0  0  0
 16  9  1  0  0  0  0
 17 15  1  0  0  0  0
 18 16  1  0  0  0  0
 19 10  2  0  0  0  0
 20  6  1  0  0  0  0
 21 24  1  0  0  0  0
 22  7  1  0  0  0  0
 23  8  1  0  0  0  0
 24 14  1  0  0  0  0
 25 13  1  0  0  0  0
 26 21  1  0  0  0  0
 27 21  1  0  0  0  0
 28 21  1  0  0  0  0
 29 22  1  0  0  0  0
 30 23  1  0  0  0  0
 31 25  1  0  0  0  0
  6  4  1  0  0  0  0
 17 11  1  0  0  0  0
 13 12  2  0  0  0  0
M  END
