
  Mrv1909 01152019232D          

 24 25  0  0  0  0            999 V2000
   -2.4796   -0.4043    0.0000 O   0  0  0  0  0  0  0  0  0  0  0  0
    5.3210    0.8088    0.0000 O   0  0  0  0  0  0  0  0  0  0  0  0
    3.1820   -1.2344    0.0000 O   0  0  0  0  0  0  0  0  0  0  0  0
   -5.3210    1.2344    0.0000 O   0  0  0  0  0  0  0  0  0  0  0  0
   -1.0748   -1.2344    0.0000 O   0  0  0  0  0  0  0  0  0  0  0  0
    3.8949   -0.0106    0.0000 N   0  0  0  0  0  0  0  0  0  0  0  0
    2.4690   -0.0106    0.0000 N   0  0  0  0  0  0  0  0  0  0  0  0
    0.3192   -0.4043    0.0000 N   0  0  0  0  0  0  0  0  0  0  0  0
    3.1820   -0.4257    0.0000 C   0  0  0  0  0  0  0  0  0  0  0  0
    4.6080   -0.4257    0.0000 C   0  0  0  0  0  0  0  0  0  0  0  0
    3.8949    0.8088    0.0000 C   0  0  0  0  0  0  0  0  0  0  0  0
   -3.1820    0.0000    0.0000 C   0  0  0  0  0  0  0  0  0  0  0  0
    5.3210   -0.0106    0.0000 C   0  0  0  0  0  0  0  0  0  0  0  0
    4.6080    1.2238    0.0000 C   0  0  0  0  0  0  0  0  0  0  0  0
   -3.1820    0.8301    0.0000 C   0  0  0  0  0  0  0  0  0  0  0  0
   -3.8949   -0.4149    0.0000 C   0  0  0  0  0  0  0  0  0  0  0  0
   -4.6080    0.8301    0.0000 C   0  0  0  0  0  0  0  0  0  0  0  0
   -3.8949    1.2344    0.0000 C   0  0  0  0  0  0  0  0  0  0  0  0
   -4.6080    0.0000    0.0000 C   0  0  0  0  0  0  0  0  0  0  0  0
   -1.0748   -0.4043    0.0000 C   0  0  0  0  0  0  0  0  0  0  0  0
   -1.7772    0.0000    0.0000 C   0  0  0  0  0  0  0  0  0  0  0  0
    1.7559   -0.4257    0.0000 C   0  0  0  0  0  0  0  0  0  0  0  0
   -0.3831    0.0000    0.0000 C   0  0  0  0  0  0  0  0  0  0  0  0
    1.0217    0.0000    0.0000 C   0  0  0  0  0  0  0  0  0  0  0  0
  1 12  1  0  0  0  0
  1 21  1  0  0  0  0
  2 13  1  0  0  0  0
  2 14  1  0  0  0  0
  3  9  2  0  0  0  0
  4 17  1  0  0  0  0
  5 20  1  0  0  0  0
  6  9  1  0  0  0  0
  6 10  1  0  0  0  0
  6 11  1  0  0  0  0
  7  9  1  0  0  0  0
  7 22  1  0  0  0  0
  8 23  1  0  0  0  0
  8 24  1  0  0  0  0
 10 13  1  0  0  0  0
 11 14  1  0  0  0  0
 12 15  2  0  0  0  0
 12 16  1  0  0  0  0
 15 18  1  0  0  0  0
 16 19  2  0  0  0  0
 17 18  2  0  0  0  0
 17 19  1  0  0  0  0
 20 21  1  0  0  0  0
 20 23  1  0  0  0  0
 22 24  1  0  0  0  0
M  END
